,Unnamed: 0.8,Unnamed: 0.7,Unnamed: 0.6,Unnamed: 0.5,Unnamed: 0.4,Unnamed: 0.3,Unnamed: 0.2,Unnamed: 0.1,Unnamed: 0,gTON_STN_MEAN_nS_pF,gTON_STN_SIGMA,gTON_STN_THETA,gTON_CL_S_MEAN_nS_pF,gTON_CL_S_SIGMA,gTON_CL_S_THETA,gTON_CL_D_MEAN_nS_pF,gTON_CL_D_SIGMA,gTON_CL_D_THETA,gKCC2_S_nS_pF,gKCC2_D_nS_pF,gTRPC3_nS_pF,gHCN_nS_pF,gCA_nS_pF,gL_nS_pF,gSK_nS_pF,gNAP_nS_pF,gNAF_nS_pF,gKDR_nS_pF,gSD_nS,soma_noise_intensity,soma_noise_intensity_theta,dend_noise_intensity,dend_noise_intensity_theta,Eleak_mV,CL_in_S,CL_in_D,Iapp,Iapp_dend,gpe_stim,gpe_stim_freqs,gpe_poisson,W_gpe,gpe_start_time,gpe_base_length,gpe_stim_length,gpe_post_length,str_stim,str_stim_freqs,str_poisson,W_str,str_start_time,str_base_length,str_stim_length,str_post_length,tausyn,tauexc,tausyn_dend,pre_exp_fr,pre_exp_cv,pre_exp_fr_zscore,pre_exp_cv_zscore,connections,total_weight,sim,rel_error
0,0.0,0.0,0.0,0.0,0.0,0.0,185.0,81528.0,28.0,0.0482384015227805,0.002,0.001,0.00386232,0.002,0.001,0.00386232,0.0008,0.0004,0.00117084,0.00234168,0.0373296,0.0,0.548279,0.036129,0.009109,0.134614,32.0256,51.2327,26.5,1.22688,0.1,0.4908,0.04,-59.4177,10.790186962259297,8.79579822110181,0.0,0.0,0.0,0.0,0.0,0.0,0.0,0.0,0.0,0.0,0.0,0.0,0.0,0.0,0.0,0.0,0.0,0.0,3.0,5.0,4.82e-321,4.0,0.2502248238373493,-0.5753229731691537,0.6737822922654476,2.0,0.622449,816.0,0.0254303052102637
1,1.0,1.0,1.0,1.0,1.0,1.0,186.0,47103.0,3.0,0.0454092713190688,0.002,0.001,0.00828828,0.002,0.001,0.00828828,0.0008,0.0004,0.00057651,0.00115302,0.02866248,0.0,0.887928,0.052616,0.006945,0.161861,36.662,54.0916,26.5,0.94992,0.1,0.3800399999999999,0.04,-56.768,13.741149263529374,12.648964706408709,0.0,0.0,0.0,0.0,0.0,0.0,0.0,0.0,0.0,0.0,0.0,0.0,0.0,0.0,0.0,0.0,0.0,0.0,3.0,5.0,0.0,2.0,0.3031521925575683,-1.0507809531188013,0.5900853689817129,5.0,0.991818,472.0,0.0029379924573373
2,2.0,2.0,2.0,2.0,2.0,2.0,96.0,92307.0,7.0,0.0228697437971473,0.002,0.001,0.00812328,0.002,0.001,0.00812328,0.0008,0.0004,0.00028314,0.00056628,0.02514138,0.0,1.06154,0.035062,0.008455,0.128097,39.7854,27.1872,26.5,0.57876,0.1,0.2314799999999998,0.04,-57.8084,14.382725219849133,13.73846906027089,0.0,0.0,0.0,0.0,0.0,0.0,0.0,0.0,0.0,0.0,0.0,0.0,0.0,0.0,0.0,0.0,0.0,0.0,3.0,5.0,0.0,4.0,0.1035066399256608,-0.3414357566149363,0.021572847003538,1.0,0.236075,924.0,0.0152651620365879
3,3.0,3.0,3.0,3.0,3.0,3.0,188.0,58164.0,64.0,0.0040275294031711,0.002,0.001,0.00172656,0.002,0.001,0.00172656,0.0008,0.0004,0.00069894,0.00139788,0.02464539,0.0,0.636782,0.044076,0.010724,0.15529,50.4488,63.0627,26.5,0.92076,0.1,0.36828,0.04,-60.5303,9.970621268406543,7.986376448222541,0.0,0.0,0.0,0.0,0.0,0.0,0.0,0.0,0.0,0.0,0.0,0.0,0.0,0.0,0.0,0.0,0.0,0.0,3.0,5.0,3.14384e-319,3.0,0.1471589176676803,-0.7329459941620562,0.0061029771133743,2.0,0.090351,582.0,0.0240742555080489
4,4.0,4.0,4.0,4.0,4.0,4.0,150.0,78859.0,59.0,0.0204905117451944,0.002,0.001,0.00592416,0.002,0.001,0.00592416,0.0008,0.0004,0.00051513,0.00103026,0.0311883,0.0,0.533496,0.03053,0.007169,0.115043,12.8204,60.4706,26.5,0.13152,0.1,0.05256,0.04,-55.5179,13.44557421659092,12.182140037754067,0.0,0.0,0.0,0.0,0.0,0.0,0.0,0.0,0.0,0.0,0.0,0.0,0.0,0.0,0.0,0.0,0.0,0.0,3.0,5.0,6.48281e-314,3.0,0.3560571026154536,-0.90280820983851,1.1003922868336986,2.0,0.651833,789.0,0.0776641284698416
5,5.0,5.0,5.0,5.0,5.0,5.0,23.0,66110.0,10.0,0.0256678790554773,0.002,0.001,0.00825924,0.002,0.001,0.00825924,0.0008,0.0004,0.00097185,0.0019437,0.03310494,0.0,1.19935,0.015899,0.010233,0.210238,29.0481,18.641,26.5,1.6278,0.1,0.65112,0.04,-56.5581,12.961328311735778,11.46128858898125,0.0,0.0,0.0,0.0,0.0,0.0,0.0,0.0,0.0,0.0,0.0,0.0,0.0,0.0,0.0,0.0,0.0,0.0,3.0,5.0,1e-323,3.5,0.0872836680596964,-0.5687580516638726,-0.2804324911293014,3.0,0.71033,662.0,0.0382155270387607
6,6.0,6.0,6.0,6.0,6.0,6.0,210.0,118476.0,76.0,0.0449847106624101,0.002,0.001,0.008415,0.002,0.001,0.008415,0.0008,0.0004,0.00022671,0.00045342,0.01912746,0.0,0.675808,0.043778,0.00805,0.169077,19.2961,52.2104,26.5,0.12744,0.1,0.0509999999999998,0.04,-56.3618,14.539663813232673,14.021943057779712,0.0,0.0,0.0,0.0,0.0,0.0,0.0,0.0,0.0,0.0,0.0,0.0,0.0,0.0,0.0,0.0,0.0,0.0,3.0,5.0,6.40663e-314,4.5,0.3945991857359928,-0.5907453937081006,1.016948331832718,2.0,0.924156,1185.0,0.0424577275202442
7,7.0,7.0,7.0,7.0,7.0,7.0,172.0,124120.0,20.0,0.0424876263264601,0.002,0.001,0.00149688,0.002,0.001,0.00149688,0.0008,0.0004,0.00117249,0.00234498,0.03654156,0.0,0.764274,0.054807,0.008124,0.1595,43.4084,63.5912,26.5,1.06188,0.1,0.4248,0.04,-58.9219,8.076157684585402,6.42465717584318,0.0,0.0,0.0,0.0,0.0,0.0,0.0,0.0,0.0,0.0,0.0,0.0,0.0,0.0,0.0,0.0,0.0,0.0,3.0,5.0,6.47844e-314,4.0,0.1989401832901281,-0.4660118681991761,0.21086965607091,1.0,0.238459,1242.0,0.0065670445809396
8,8.0,8.0,8.0,8.0,8.0,8.0,223.0,48987.0,87.0,0.0387963283593108,0.002,0.001,0.0045804,0.002,0.001,0.0045804,0.0008,0.0004,0.00141108,0.00282216,0.03059265,0.0,0.430305,0.048689,0.008068,0.169934,31.1721,38.8836,26.5,0.72624,0.1,0.29052,0.04,-57.8398,10.745758410191735,8.749504241910584,0.0,0.0,0.0,0.0,0.0,0.0,0.0,0.0,0.0,0.0,0.0,0.0,0.0,0.0,0.0,0.0,0.0,0.0,3.0,5.0,6.44555e-314,4.0,0.3617382682855741,-0.5472940684483523,1.1759202138682998,3.0,0.67847,490.0,0.0782889064418901
9,9.0,9.0,9.0,9.0,9.0,9.0,193.0,19149.0,49.0,0.0401169549822451,0.002,0.001,0.00707388,0.002,0.001,0.00707388,0.0008,0.0004,0.00076527,0.00153054,0.04226541,0.0,0.846194,0.031748,0.01435,0.236351,32.1249,56.4262,26.5,1.6475999999999995,0.1,0.65904,0.04,-57.784,13.10604024165268,11.671201717467008,0.0,0.0,0.0,0.0,0.0,0.0,0.0,0.0,0.0,0.0,0.0,0.0,0.0,0.0,0.0,0.0,0.0,0.0,3.0,5.0,6.41663e-314,9.0,0.3542399154597326,-0.0632888037083952,0.933455787648628,3.0,0.359607,192.0,0.0143051857809303
10,10.0,10.0,10.0,10.0,10.0,10.0,46.0,22545.0,45.0,0.0275921121545321,0.002,0.001,0.00129756,0.002,0.001,0.00129756,0.0008,0.0004,0.00055242,0.00110484,0.03147507,0.0,0.790757,0.037773,0.007262,0.178878,27.7186,48.2671,26.5,1.2769199999999998,0.1,0.5107200000000001,0.04,-58.4186,9.824369922564184,7.851322599491618,0.0,0.0,0.0,0.0,0.0,0.0,0.0,0.0,0.0,0.0,0.0,0.0,0.0,0.0,0.0,0.0,0.0,0.0,3.0,5.0,0.0,9.5,0.0677181912060259,0.1400844219791328,-0.2259302658255842,1.0,0.08862,226.0,0.1354856524509147
11,11.0,11.0,11.0,11.0,11.0,11.0,82.0,102829.0,29.0,0.0228617207205741,0.002,0.001,0.00432168,0.002,0.001,0.00432168,0.0008,0.0004,0.00029502,0.00059004,0.02763024,0.0,0.74875,0.038174,0.008076,0.20181,44.032,46.6504,26.5,0.11604,0.1,0.0464399999999998,0.04,-57.1775,13.763762654882793,12.685558106485495,0.0,0.0,0.0,0.0,0.0,0.0,0.0,0.0,0.0,0.0,0.0,0.0,0.0,0.0,0.0,0.0,0.0,0.0,3.0,5.0,6.4009e-314,8.5,0.3493440392379997,0.0012781716040662,1.123857853601901,3.0,1.211377,1029.0,0.0070973463348527
12,12.0,12.0,12.0,12.0,12.0,12.0,139.0,79571.0,71.0,0.0358216538022289,0.002,0.001,0.0014308799999999,0.002,0.001,0.0014308799999999,0.0008,0.0004,0.00099858,0.00199716,0.03288384,0.0,0.629857,0.037472,0.01047,0.148956,38.546,47.5841,26.5,1.38336,0.1,0.55332,0.04,-56.0686,8.395752993583013,6.661968349138727,0.0,0.0,0.0,0.0,0.0,0.0,0.0,0.0,0.0,0.0,0.0,0.0,0.0,0.0,0.0,0.0,0.0,0.0,3.0,5.0,4.24751e-314,9.5,0.1453491971958857,0.0850403240103491,-0.1940842271680165,1.0,0.421595,796.0,0.0389541053227404
13,13.0,13.0,13.0,13.0,13.0,13.0,241.0,88926.0,26.0,0.0253027146466683,0.002,0.001,0.00135828,0.002,0.001,0.00135828,0.0008,0.0004,0.00141636,0.00283272,0.02106687,0.0,0.470485,0.027191,0.009969,0.186572,47.0454,20.4499,26.5,1.14384,0.1,0.4575599999999999,0.04,-58.4085,7.331779509472903,5.906701398970403,0.0,0.0,0.0,0.0,0.0,0.0,0.0,0.0,0.0,0.0,0.0,0.0,0.0,0.0,0.0,0.0,0.0,0.0,3.0,5.0,4.11e-321,5.5,0.4658087204834373,-0.4470508676769117,1.5797431871171563,2.0,0.538683,890.0,0.0012526008217884
14,14.0,14.0,14.0,14.0,14.0,14.0,102.0,1853.0,53.0,0.0320292027015728,0.002,0.001,0.0022902,0.002,0.001,0.0022902,0.0008,0.0004,0.00129657,0.00259314,0.02843577,0.0,0.798471,0.036765,0.008085,0.171093,33.7487,47.2315,26.5,0.1322399999999998,0.1,0.0529199999999999,0.04,-57.287,8.993656485018079,7.132715535869377,0.0,0.0,0.0,0.0,0.0,0.0,0.0,0.0,0.0,0.0,0.0,0.0,0.0,0.0,0.0,0.0,0.0,0.0,3.0,5.0,4.26863e-314,8.5,0.1154294022543187,0.0809781793206134,-0.3109615887683641,2.0,0.227193,19.0,0.0083678699331265
15,15.0,15.0,15.0,15.0,15.0,15.0,89.0,74804.0,4.0,0.0193290879322532,0.002,0.001,0.00846516,0.002,0.001,0.00846516,0.0008,0.0004,0.00055275,0.0011055,0.03184137,0.0,0.655395,0.04531,0.009221,0.16168,41.1366,52.1033,26.5,0.1248,0.1,0.0499199999999999,0.04,-55.8911,13.816062880988156,12.77068022877997,0.0,0.0,0.0,0.0,0.0,0.0,0.0,0.0,0.0,0.0,0.0,0.0,0.0,0.0,0.0,0.0,0.0,0.0,3.0,5.0,0.0,7.0,0.3495862436722388,-0.0164055077626972,1.627848448769258,3.0,0.952438,749.0,0.0177092187246343
16,16.0,16.0,16.0,16.0,16.0,16.0,167.0,42252.0,52.0,0.0038374986951879,0.002,0.001,0.00155496,0.002,0.001,0.00155496,0.0008,0.0004,0.00282018,0.00564036,0.03725403,0.0,0.732641,0.044424,0.00803,0.146116,44.1692,53.0108,26.5,0.1191599999999999,0.1,0.0476399999999999,0.04,-57.7285,6.1471185570238775,5.168462827355578,0.0,0.0,0.0,0.0,0.0,0.0,0.0,0.0,0.0,0.0,0.0,0.0,0.0,0.0,0.0,0.0,0.0,0.0,3.0,5.0,6.41321e-314,8.5,0.494507504299548,-0.1418973249540882,1.3162429017963329,2.0,0.240822,423.0,0.0083864631114698
17,17.0,17.0,17.0,17.0,17.0,17.0,45.0,14965.0,65.0,0.0284326214788394,0.002,0.001,0.007062,0.002,0.001,0.007062,0.0008,0.0004,0.00037158,0.00074316,0.03797607,0.0,0.581415,0.050626,0.010004,0.181358,35.4941,44.8527,26.5,1.34532,0.1,0.5382,0.04,-58.9538,14.045243237616155,13.151885969091571,0.0,0.0,0.0,0.0,0.0,0.0,0.0,0.0,0.0,0.0,0.0,0.0,0.0,0.0,0.0,0.0,0.0,0.0,3.0,5.0,6.40597e-314,7.5,0.1825167668614295,-0.1055090214204873,0.1926688235356071,1.0,0.079759,150.0,0.0023569674724055
18,18.0,18.0,18.0,18.0,18.0,18.0,178.0,94194.0,94.0,0.0067908974947243,0.002,0.001,0.00641652,0.002,0.001,0.00641652,0.0008,0.0004,0.0001419,0.0002838,0.02357487,0.0,0.37301,0.048852,0.007901,0.222205,53.9703,40.6479,26.5,1.12104,0.1,0.44844,0.04,-55.5352,14.637452809351604,14.20213589770814,0.0,0.0,0.0,0.0,0.0,0.0,0.0,0.0,0.0,0.0,0.0,0.0,0.0,0.0,0.0,0.0,0.0,0.0,3.0,5.0,6.43749e-314,15.0,0.2114224202764801,0.3120005639979782,0.4149010145629286,5.0,1.5838800000000002,942.0,0.0105635858949293
19,19.0,19.0,19.0,19.0,19.0,19.0,141.0,24121.0,21.0,0.030475747806199,0.002,0.001,0.00521796,0.002,0.001,0.00521796,0.0008,0.0004,0.00029766,0.00059532,0.03685836,0.0,0.785676,0.037941,0.011605,0.242746,37.1989,36.0446,26.5,0.85656,0.1,0.3426,0.04,-56.0436,13.964128512994245,13.01541928844343,0.0,0.0,0.0,0.0,0.0,0.0,0.0,0.0,0.0,0.0,0.0,0.0,0.0,0.0,0.0,0.0,0.0,0.0,3.0,5.0,4.25267e-314,13.5,0.1086859170487177,0.337601707425912,-0.1698934610330177,1.0,0.059864,242.0,0.2015567140014074
20,20.0,20.0,20.0,20.0,20.0,20.0,161.0,48844.0,44.0,0.0032551468874965,0.002,0.001,0.00354816,0.002,0.001,0.00354816,0.0008,0.0004,0.00217239,0.00434478,0.04064511,0.0,0.813395,0.04606,0.010708,0.239144,36.3017,51.0969,26.5,0.13488,0.1,0.0539999999999999,0.04,-56.0625,8.767639431995276,6.950482942290083,0.0,0.0,0.0,0.0,0.0,0.0,0.0,0.0,0.0,0.0,0.0,0.0,0.0,0.0,0.0,0.0,0.0,0.0,3.0,5.0,0.0,15.0,0.2720563388494896,1.746455933671681,0.8068734525406234,2.0,0.360717,489.0,0.0560098807242176
21,21.0,21.0,21.0,21.0,21.0,21.0,203.0,90928.0,28.0,0.0177144588143033,0.002,0.001,0.00620004,0.002,0.001,0.00620004,0.0008,0.0004,0.00216942,0.00433884,0.03275943,0.0,0.479737,0.032737,0.010145,0.206835,36.2043,10.5366,26.5,1.5148799999999998,0.1,0.6059999999999999,0.04,-56.3898,10.388955335273295,8.388005137492254,0.0,0.0,0.0,0.0,0.0,0.0,0.0,0.0,0.0,0.0,0.0,0.0,0.0,0.0,0.0,0.0,0.0,0.0,3.0,5.0,4.82e-321,13.0,0.0935107136909707,0.7057256667400508,-0.3681637078342079,0.0,0.0,910.0,0.0918554257849683
22,22.0,22.0,22.0,22.0,22.0,22.0,191.0,22994.0,94.0,0.0286164522591206,0.002,0.001,0.00621588,0.002,0.001,0.00621588,0.0008,0.0004,0.00031878,0.00063756,0.05283003,0.0,0.287581,0.049332,0.010597,0.220027,28.9419,47.6055,26.5,1.6962000000000002,0.1,0.67848,0.04,-59.8925,14.069872617760984,13.193662396470163,0.0,0.0,0.0,0.0,0.0,0.0,0.0,0.0,0.0,0.0,0.0,0.0,0.0,0.0,0.0,0.0,0.0,0.0,3.0,5.0,6.41236e-314,13.5,0.2194457988656245,0.1428930342598565,0.0989465430755205,2.0,0.274919,230.0,0.0967323466453676
23,23.0,23.0,23.0,23.0,23.0,23.0,2.0,12384.0,84.0,0.0116430088346883,0.002,0.001,0.00238788,0.002,0.001,0.00238788,0.0008,0.0004,0.00035409,0.00070818,0.03844962,0.0,0.698501,0.048105,0.008109,0.238944,25.874,57.6584,26.5,1.299,0.1,0.5196,0.04,-59.927,12.521309419146197,10.85031472255018,0.0,0.0,0.0,0.0,0.0,0.0,0.0,0.0,0.0,0.0,0.0,0.0,0.0,0.0,0.0,0.0,0.0,0.0,3.0,5.0,6.40149e-314,13.5,0.0545474556878352,0.5997540761982842,-0.5429660268063401,0.0,0.0,124.0,0.0023981011602142
24,24.0,24.0,24.0,24.0,24.0,24.0,236.0,112918.0,18.0,0.0283381097521084,0.002,0.001,0.00747516,0.002,0.001,0.00747516,0.0008,0.0004,0.00230109,0.00460218,0.03120975,0.0,0.479149,0.045069,0.011974,0.147321,45.5954,50.501,26.5,0.8824800000000002,0.1,0.35304,0.04,-55.0008,10.747889771114357,8.751718479446282,0.0,0.0,0.0,0.0,0.0,0.0,0.0,0.0,0.0,0.0,0.0,0.0,0.0,0.0,0.0,0.0,0.0,0.0,3.0,5.0,6.46899e-314,10.5,0.2202472917073133,0.1985908374421997,0.2773119843904624,1.0,0.454108,1130.0,0.0049546595604615
25,25.0,25.0,25.0,25.0,25.0,25.0,237.0,44481.0,81.0,0.0358830855282233,0.002,0.001,0.00402204,0.002,0.001,0.00402204,0.0008,0.0004,0.00137511,0.00275022,0.04157736,0.0,0.801517,0.037433,0.011333,0.164652,37.3136,48.2578,26.5,0.12012,0.1,0.048,0.04,-57.384,10.45454591735667,8.4531134203579,0.0,0.0,0.0,0.0,0.0,0.0,0.0,0.0,0.0,0.0,0.0,0.0,0.0,0.0,0.0,0.0,0.0,0.0,3.0,5.0,4.28315e-314,15.0,0.1286359399524383,0.5543494569256167,-0.0830401857068401,1.0,0.240077,445.0,0.2031112524401148
26,26.0,26.0,26.0,26.0,26.0,26.0,56.0,122806.0,6.0,0.0334042238465933,0.002,0.001,0.00352836,0.002,0.001,0.00352836,0.0008,0.0004,0.00014487,0.00028974,0.03969867,0.0,0.281659,0.028491,0.014497,0.186541,44.4114,54.3134,26.5,0.1308,0.1,0.05232,0.04,-58.573,14.262591259269628,13.526123099131649,0.0,0.0,0.0,0.0,0.0,0.0,0.0,0.0,0.0,0.0,0.0,0.0,0.0,0.0,0.0,0.0,0.0,0.0,3.0,5.0,0.0,15.0,0.2374074746593366,0.6953163237692611,0.2949573459555362,1.0,0.353473,1229.0,0.0194928339354373
27,27.0,27.0,27.0,27.0,27.0,27.0,201.0,2828.0,28.0,0.0253803840694127,0.002,0.001,0.0087912,0.002,0.001,0.0087912,0.0008,0.0004,0.00043362,0.00086724,0.03086457,0.0,0.557785,0.039231,0.00802,0.156346,44.6405,56.0161,26.5,0.1476,0.1,0.0590399999999999,0.04,-56.6084,14.106317356294749,13.255773302897214,0.0,0.0,0.0,0.0,0.0,0.0,0.0,0.0,0.0,0.0,0.0,0.0,0.0,0.0,0.0,0.0,0.0,0.0,3.0,5.0,4.82e-321,11.0,0.1853794200431019,0.4555815635519358,0.038304438951034,2.0,0.166068,29.0,0.0826690082838774
28,28.0,28.0,28.0,28.0,28.0,28.0,36.0,46360.0,60.0,0.019610943616955,0.002,0.001,0.00424908,0.002,0.001,0.00424908,0.0008,0.0004,0.00422433,0.00844866,0.03530208,0.0,0.533834,0.030976,0.008963,0.134872,36.262,51.4034,26.5,1.4662799999999998,0.1,0.58644,0.04,-57.2387,7.450434529352023,5.9862041043654886,0.0,0.0,0.0,0.0,0.0,0.0,0.0,0.0,0.0,0.0,0.0,0.0,0.0,0.0,0.0,0.0,0.0,0.0,3.0,5.0,6.4833e-314,12.0,0.0592225220220368,0.4748472663323413,-0.6802167909029855,0.0,0.0,464.0,0.0644464132600041
29,29.0,29.0,29.0,29.0,29.0,29.0,53.0,48753.0,53.0,0.0564697001015629,0.002,0.001,0.0013728,0.002,0.001,0.0013728,0.0008,0.0004,0.0016368,0.0032736,0.03671712,0.0,0.852243,0.040624,0.009713,0.200049,35.7295,56.1758,26.5,1.51332,0.1,0.60528,0.04,-56.438,7.0117163753259035,5.697624065696588,0.0,0.0,0.0,0.0,0.0,0.0,0.0,0.0,0.0,0.0,0.0,0.0,0.0,0.0,0.0,0.0,0.0,0.0,3.0,5.0,4.27795e-314,13.5,0.2462504730532058,0.9941600150440252,0.7465597095503389,1.0,0.233031,488.0,0.1349094102179775
30,30.0,30.0,30.0,30.0,30.0,30.0,196.0,29385.0,85.0,0.0431776026573798,0.002,0.001,0.00231924,0.002,0.001,0.00231924,0.0008,0.0004,0.00117447,0.00234894,0.02922744,0.0,0.155552,0.063561,0.006196,0.307796,45.8005,30.1618,26.5,2.01072,0.1,0.80436,0.04,-58.2055,9.318152259000579,7.403979751470092,0.0,0.0,0.0,0.0,0.0,0.0,0.0,0.0,0.0,0.0,0.0,0.0,0.0,0.0,0.0,0.0,0.0,0.0,3.0,5.0,4.28613e-314,19.0,0.094734079824588,0.8547044989626471,0.0354665461053231,1.0,0.046283,294.0,0.1168733244910537
31,31.0,31.0,31.0,31.0,31.0,31.0,48.0,972.0,72.0,0.0249622139755401,0.002,0.001,0.00172656,0.002,0.001,0.00172656,0.0008,0.0004,0.00069894,0.00139788,0.03922149,0.0,0.671788,0.039536,0.009775,0.159926,35.6932,45.2528,26.5,1.12332,0.1,0.44928,0.04,-55.5296,9.970621268406543,7.986376448222541,0.0,0.0,0.0,0.0,0.0,0.0,0.0,0.0,0.0,0.0,0.0,0.0,0.0,0.0,0.0,0.0,0.0,0.0,3.0,5.0,0.0,17.0,0.1445085339506019,1.4313599986629175,-0.5257292179711585,1.0,0.099615,10.0,0.1206927222962443
32,32.0,32.0,32.0,32.0,32.0,32.0,206.0,58260.0,60.0,0.0244547219737513,0.002,0.001,0.00860244,0.002,0.001,0.00860244,0.0008,0.0004,0.00197307,0.00394614,0.0407946,0.0,0.921642,0.041992,0.007785,0.293393,36.3046,57.8571,26.5,0.14736,0.1,0.05892,0.04,-59.0385,11.526256193867734,9.606894916211338,0.0,0.0,0.0,0.0,0.0,0.0,0.0,0.0,0.0,0.0,0.0,0.0,0.0,0.0,0.0,0.0,0.0,0.0,3.0,5.0,6.40971e-314,19.5,0.2025370985146373,1.177929826263289,0.6463026873665224,3.0,0.398584,583.0,0.1074759191452586
33,33.0,33.0,33.0,33.0,33.0,33.0,25.0,52061.0,61.0,0.0143063190949686,0.002,0.001,0.0011814,0.002,0.001,0.0011814,0.0008,0.0004,0.00106689,0.00213378,0.0470448,0.0,0.703476,0.035929,0.012077,0.235237,48.4711,39.5731,26.5,0.13296,0.1,0.05316,0.04,-57.6756,7.696432536956183,6.154632912526045,0.0,0.0,0.0,0.0,0.0,0.0,0.0,0.0,0.0,0.0,0.0,0.0,0.0,0.0,0.0,0.0,0.0,0.0,3.0,5.0,4.24578e-314,17.5,0.1212918359806188,0.8355966076641852,-0.008591356566217,3.0,0.562552,521.0,0.0762843806492614
34,34.0,34.0,34.0,34.0,34.0,34.0,251.0,22848.0,48.0,0.0128565255175182,0.002,0.001,0.0032933999999999,0.002,0.001,0.0032933999999999,0.0008,0.0004,0.00073887,0.00147774,0.03143316,0.0,0.213598,0.033867,0.007403,0.214067,34.5174,63.0115,26.5,0.1509599999999999,0.1,0.06036,0.04,-56.4925,11.581567098888852,9.67137323974633,0.0,0.0,0.0,0.0,0.0,0.0,0.0,0.0,0.0,0.0,0.0,0.0,0.0,0.0,0.0,0.0,0.0,0.0,3.0,5.0,1.47234e-21,20.0,0.251690253962964,1.0956357230866915,0.6935570852055487,3.0,0.334678,229.0,0.0184300069927643
35,35.0,35.0,35.0,35.0,35.0,35.0,190.0,44100.0,0.0,0.0348208034295154,0.002,0.001,0.0074712,0.002,0.001,0.0074712,0.0008,0.0004,0.0002343,0.0004686,0.04265613,0.0,0.566293,0.051587,0.007175,0.221182,34.3363,58.2285,26.5,1.42656,0.1,0.5705999999999999,0.04,-56.8218,14.451514794727828,13.861865204957308,0.0,0.0,0.0,0.0,0.0,0.0,0.0,0.0,0.0,0.0,0.0,0.0,0.0,0.0,0.0,0.0,0.0,0.0,3.0,5.0,6.46758e-314,18.0,0.1390749749688081,1.38398715790221,-0.4544725203008993,1.0,0.210109,442.0,0.098451872204086
36,36.0,36.0,36.0,36.0,36.0,36.0,81.0,1184.0,84.0,0.0381243879182034,0.002,0.001,0.0065274,0.002,0.001,0.0065274,0.0008,0.0004,0.00015972,0.00031944,0.03524763,0.0,0.687243,0.038769,0.009482,0.169872,33.2987,49.8976,26.5,1.2100799999999998,0.1,0.48408,0.04,-55.2155,14.589549881431676,14.113520846955703,0.0,0.0,0.0,0.0,0.0,0.0,0.0,0.0,0.0,0.0,0.0,0.0,0.0,0.0,0.0,0.0,0.0,0.0,3.0,5.0,6.43431e-314,16.5,0.0982037041004295,1.294415931678317,-0.5877727899375956,1.0,0.103169,12.0,0.1832396903052286
37,37.0,37.0,37.0,37.0,37.0,37.0,204.0,85041.0,41.0,0.026108091086216,0.002,0.001,0.00863148,0.002,0.001,0.00863148,0.0008,0.0004,0.00163449,0.00326898,0.03207666,0.0,0.790571,0.029749,0.009284,0.232551,30.2355,65.4053,26.5,0.11016,0.1,0.0440399999999998,0.04,-57.9266,11.989160036957973,10.162832531618424,0.0,0.0,0.0,0.0,0.0,0.0,0.0,0.0,0.0,0.0,0.0,0.0,0.0,0.0,0.0,0.0,0.0,0.0,3.0,5.0,6.47046e-314,19.5,0.12085780811689,1.2904294823175235,-0.1056412275856198,1.0,0.222095,851.0,0.1144499512073995
38,38.0,38.0,38.0,38.0,38.0,38.0,168.0,22510.0,10.0,0.0193259393697127,0.002,0.001,0.00145596,0.002,0.001,0.00145596,0.0008,0.0004,0.00147675,0.0029535,0.03885915,0.0,0.784945,0.047659,0.004951,0.221608,42.3168,77.2786,26.5,1.44792,0.1,0.5792399999999999,0.04,-59.6367,7.40035772881644,5.952515926172428,0.0,0.0,0.0,0.0,0.0,0.0,0.0,0.0,0.0,0.0,0.0,0.0,0.0,0.0,0.0,0.0,0.0,0.0,3.0,5.0,1e-323,18.0,0.186832725330805,1.08509837977487,0.3470558812825028,3.0,0.276453,226.0,0.0102339257310967
39,39.0,39.0,39.0,39.0,39.0,39.0,174.0,20838.0,38.0,0.0155053897763718,0.002,0.001,0.00408276,0.002,0.001,0.00408276,0.0008,0.0004,0.00024123,0.00048246,0.03961815,0.0,0.488331,0.035333,0.005687,0.145345,42.9498,64.2633,26.5,0.1875599999999998,0.1,0.075,0.04,-56.3019,13.927159004723144,12.95378745120123,0.0,0.0,0.0,0.0,0.0,0.0,0.0,0.0,0.0,0.0,0.0,0.0,0.0,0.0,0.0,0.0,0.0,0.0,3.0,5.0,4.25246e-314,20.0,0.1050262684824146,1.0535514261330068,0.3048108901683382,1.0,0.117489,209.0,0.4910047883491287
40,40.0,40.0,40.0,40.0,40.0,40.0,58.0,95750.0,50.0,0.0285302233861414,0.002,0.001,0.00057288,0.002,0.001,0.00057288,0.0008,0.0004,0.00072501,0.00145002,0.04554561,0.0,0.390733,0.041416,0.013887,0.204617,45.5526,110.872,26.5,1.11636,0.1,0.44652,0.04,-56.2134,6.875905727185494,5.611181327705993,0.0,0.0,0.0,0.0,0.0,0.0,0.0,0.0,0.0,0.0,0.0,0.0,0.0,0.0,0.0,0.0,0.0,0.0,3.0,5.0,4.28302e-314,16.5,0.1419474178626409,0.6785160029886479,0.2346507782557349,1.0,0.342883,958.0,0.1789362305263595
41,41.0,41.0,41.0,41.0,41.0,41.0,153.0,11941.0,41.0,0.013852936879347,0.002,0.001,0.00786852,0.002,0.001,0.00786852,0.0008,0.0004,0.00033363,0.00066726,0.03993627,0.0,0.838432,0.045594,0.005488,0.161376,38.2499,51.8679,26.5,0.8400000000000001,0.1,0.336,0.04,-56.6927,14.236929577213408,13.481277110771744,0.0,0.0,0.0,0.0,0.0,0.0,0.0,0.0,0.0,0.0,0.0,0.0,0.0,0.0,0.0,0.0,0.0,0.0,3.0,5.0,6.41353e-314,18.0,0.1816544079224633,1.6644621754098936,-0.0315568059334071,2.0,0.185615,120.0,0.1485121269402699
42,42.0,42.0,42.0,42.0,42.0,42.0,41.0,59832.0,32.0,0.0246060681832742,0.002,0.001,0.00389928,0.002,0.001,0.00389928,0.0008,0.0004,0.0030096,0.0060192,0.03827076,0.0,0.795029,0.022349,0.011394,0.178097,37.2944,47.7828,26.5,0.1177199999999999,0.1,0.04716,0.04,-58.0117,8.116412683698064,6.454028806211361,0.0,0.0,0.0,0.0,0.0,0.0,0.0,0.0,0.0,0.0,0.0,0.0,0.0,0.0,0.0,0.0,0.0,0.0,3.0,5.0,4.11e-321,19.0,0.0990506002392933,0.8647341023702656,0.3964850190345171,3.0,0.529975,599.0,0.0281435628418026
43,43.0,43.0,43.0,43.0,43.0,43.0,180.0,124678.0,78.0,0.0342506950988345,0.002,0.001,0.00123552,0.002,0.001,0.00123552,0.0008,0.0004,0.00253242,0.00506484,0.03545487,0.0,0.7163,0.039062,0.006143,0.181688,40.9857,62.7941,26.5,0.10704,0.1,0.0428399999999999,0.04,-56.2396,5.935273441553553,5.045891762025216,0.0,0.0,0.0,0.0,0.0,0.0,0.0,0.0,0.0,0.0,0.0,0.0,0.0,0.0,0.0,0.0,0.0,0.0,3.0,5.0,6.4742e-314,15.5,0.1963284117764628,0.7335809276288251,0.7181443123102257,1.0,0.297461,1247.0,0.0234841943090343
44,44.0,44.0,44.0,44.0,44.0,44.0,106.0,99932.0,32.0,0.0345445136095722,0.002,0.001,0.00120384,0.002,0.001,0.00120384,0.0008,0.0004,0.00184998,0.00369996,0.03074016,0.0,0.986125,0.034571,0.007958,0.163289,66.2249,46.8559,26.5,1.5070800000000002,0.1,0.60276,0.04,-56.2852,6.463062109522053,5.3562017034192815,0.0,0.0,0.0,0.0,0.0,0.0,0.0,0.0,0.0,0.0,0.0,0.0,0.0,0.0,0.0,0.0,0.0,0.0,3.0,5.0,4.11e-321,15.5,0.0667752753141813,0.5552429848276906,-0.4034642824436762,2.0,0.342194,1000.0,0.5631404994654995
45,45.0,45.0,45.0,45.0,45.0,45.0,66.0,94494.0,94.0,0.0396027726555571,0.002,0.001,0.00433488,0.002,0.001,0.00433488,0.0008,0.0004,0.00103191,0.00206382,0.04222317,0.0,0.456384,0.028336,0.011368,0.236229,26.1818,19.6531,26.5,0.10356,0.1,0.0414,0.04,-58.023,11.432139453171365,9.498355655641406,0.0,0.0,0.0,0.0,0.0,0.0,0.0,0.0,0.0,0.0,0.0,0.0,0.0,0.0,0.0,0.0,0.0,0.0,3.0,5.0,6.40524e-314,17.5,0.5120054703775305,0.852356115540853,2.115766709662286,2.0,0.6438090000000001,945.0,0.0674162635089778
46,46.0,46.0,46.0,46.0,46.0,46.0,217.0,11296.0,96.0,0.0298063628057137,0.002,0.001,0.00423984,0.002,0.001,0.00423984,0.0008,0.0004,0.0008877,0.0017754,0.03650856,0.0,0.659977,0.034486,0.008537,0.215517,46.5294,39.4621,26.5,0.1176,0.1,0.04704,0.04,-58.6915,11.751323991409654,9.87252313613352,0.0,0.0,0.0,0.0,0.0,0.0,0.0,0.0,0.0,0.0,0.0,0.0,0.0,0.0,0.0,0.0,0.0,0.0,3.0,5.0,6.48285e-314,19.0,0.0932214976623693,1.4044663279989216,-0.2274993541023834,1.0,0.058558,113.0,0.0307116945273505
47,47.0,47.0,47.0,47.0,47.0,47.0,69.0,126973.0,73.0,0.0281310486762411,0.002,0.001,0.00625944,0.002,0.001,0.00625944,0.0008,0.0004,0.00111936,0.00223872,0.05264985,0.0,0.657084,0.008528,0.007967,0.064433,36.1952,23.9494,26.5,1.34196,0.1,0.53676,0.04,-57.9319,12.119807175622089,10.326655174865586,0.0,0.0,0.0,0.0,0.0,0.0,0.0,0.0,0.0,0.0,0.0,0.0,0.0,0.0,0.0,0.0,0.0,0.0,3.0,5.0,2.57187e-315,22.0,0.1832637278818579,1.1941834144076922,0.1240305483492059,1.0,0.462305,1270.0,0.0297515993317533
48,48.0,48.0,48.0,48.0,48.0,48.0,146.0,3629.0,29.0,0.0312987918926698,0.002,0.001,0.00780912,0.002,0.001,0.00780912,0.0008,0.0004,0.00093885,0.0018777,0.04166547,0.0,0.660265,0.033736,0.009304,0.213293,28.2365,61.7045,26.5,0.11016,0.1,0.0440399999999998,0.04,-58.3804,12.923031219687246,11.406497742950215,0.0,0.0,0.0,0.0,0.0,0.0,0.0,0.0,0.0,0.0,0.0,0.0,0.0,0.0,0.0,0.0,0.0,0.0,3.0,5.0,6.47198e-314,23.5,0.1066525936938121,2.632879116631784,-0.4748107735446237,1.0,0.101455,37.0,0.3068320159652211
49,49.0,49.0,49.0,49.0,49.0,49.0,42.0,59725.0,25.0,0.0210332778945543,0.002,0.001,0.0059202,0.002,0.001,0.0059202,0.0008,0.0004,0.00239184,0.00478368,0.04424904,0.0,0.492508,0.040485,0.007895,0.16807,59.1693,39.5836,26.5,1.542,0.1,0.6167999999999998,0.04,-58.2088,9.976371859392957,7.991742093771784,0.0,0.0,0.0,0.0,0.0,0.0,0.0,0.0,0.0,0.0,0.0,0.0,0.0,0.0,0.0,0.0,0.0,0.0,3.0,5.0,4.27935e-314,23.5,0.131857188205383,1.0738652342472674,0.2709895492827482,2.0,0.506871,598.0,0.079956399481668
50,50.0,50.0,50.0,50.0,50.0,50.0,162.0,88869.0,69.0,0.0315340870057769,0.002,0.001,0.00466356,0.002,0.001,0.00466356,0.0008,0.0004,0.00138435,0.0027687,0.04749591,0.0,0.69664,0.052407,0.011052,0.198369,49.9364,31.6461,26.5,0.2086799999999999,0.1,0.0834,0.04,-56.9479,10.847812571417435,8.856277291924899,0.0,0.0,0.0,0.0,0.0,0.0,0.0,0.0,0.0,0.0,0.0,0.0,0.0,0.0,0.0,0.0,0.0,0.0,3.0,5.0,6.47851e-314,20.5,0.2290948841361173,1.29957384052861,0.300985533977597,1.0,0.225382,889.0,0.1593850824098989
51,51.0,51.0,51.0,51.0,51.0,51.0,199.0,76472.0,72.0,0.0241750864717472,0.002,0.001,0.00498168,0.002,0.001,0.00498168,0.0008,0.0004,0.00200277,0.00400554,0.04079691,0.0,0.68138,0.029827,0.009337,0.208128,24.2291,32.975,26.5,0.1291199999999998,0.1,0.0516,0.04,-58.4831,9.990638799764579,8.00507226144624,0.0,0.0,0.0,0.0,0.0,0.0,0.0,0.0,0.0,0.0,0.0,0.0,0.0,0.0,0.0,0.0,0.0,0.0,3.0,5.0,0.0,20.5,0.2376116391088348,1.4054594538133842,-0.0601634565206807,1.0,0.35441,765.0,0.118938336877483
52,52.0,52.0,52.0,52.0,52.0,52.0,33.0,94115.0,15.0,0.0100811997463984,0.002,0.001,0.00542784,0.002,0.001,0.00542784,0.0008,0.0004,0.00095601,0.00191202,0.0277760999999999,0.0,0.659256,0.038613,0.004049,0.173831,64.8782,53.3018,26.5,1.44228,0.1,0.5769599999999999,0.04,-56.9283,12.153869731383702,10.369886425098008,0.0,0.0,0.0,0.0,0.0,0.0,0.0,0.0,0.0,0.0,0.0,0.0,0.0,0.0,0.0,0.0,0.0,0.0,3.0,5.0,0.0,22.5,0.1840736719550773,0.9205842388965052,0.2748877971837641,2.0,0.473259,942.0,0.0912634393145048
53,53.0,53.0,53.0,53.0,53.0,53.0,228.0,19026.0,26.0,0.0267051735434046,0.002,0.001,0.00799788,0.002,0.001,0.00799788,0.0008,0.0004,0.0012408,0.0024816,0.03081573,0.0,0.925858,0.031392,0.009267,0.211671,43.6374,58.8045,26.5,0.0996,0.1,0.03984,0.04,-54.7709,12.428107151581376,10.725968006146239,0.0,0.0,0.0,0.0,0.0,0.0,0.0,0.0,0.0,0.0,0.0,0.0,0.0,0.0,0.0,0.0,0.0,0.0,3.0,5.0,4.11e-321,23.0,0.0728489273615316,1.43846253282372,0.0251408042820914,2.0,0.195196,191.0,0.1206325382833021
54,54.0,54.0,54.0,54.0,54.0,54.0,215.0,79985.0,85.0,0.0409235926005206,0.002,0.001,0.01130316,0.002,0.001,0.01130316,0.0008,0.0004,0.00051348,0.00102696,0.04729296,0.0,0.708161,0.048404,0.010053,0.232016,54.7636,52.0571,26.5,1.2317999999999998,0.1,0.49272,0.04,-55.5915,14.179451627988149,13.381476672450377,0.0,0.0,0.0,0.0,0.0,0.0,0.0,0.0,0.0,0.0,0.0,0.0,0.0,0.0,0.0,0.0,0.0,0.0,3.0,5.0,4.28417e-314,24.0,0.2834478688278812,2.8072082229554622,0.6108692930639612,2.0,0.68435,800.0,0.1650289320120719
55,55.0,55.0,55.0,55.0,55.0,55.0,179.0,8905.0,5.0,0.0161149414502147,0.002,0.001,0.01298088,0.002,0.001,0.01298088,0.0008,0.0004,0.00138831,0.00277662,0.0525195,0.0,0.754488,0.042257,0.010832,0.207565,36.1099,31.8954,26.5,1.12068,0.1,0.4483199999999999,0.04,-58.1384,13.1251456958943,11.699259366539334,0.0,0.0,0.0,0.0,0.0,0.0,0.0,0.0,0.0,0.0,0.0,0.0,0.0,0.0,0.0,0.0,0.0,0.0,3.0,5.0,0.0,22.0,0.093267744787261,1.5697864394359275,-0.2815076898925405,3.0,0.246614,90.0,0.014005852540777
56,56.0,56.0,56.0,56.0,56.0,56.0,195.0,21076.0,76.0,0.034937171938135,0.002,0.001,0.00458964,0.002,0.001,0.00458964,0.0008,0.0004,0.00035574,0.00071148,0.04813281,0.0,0.945951,0.046435,0.008223,0.176519,54.1795,46.0887,26.5,0.0935999999999999,0.1,0.03744,0.04,-56.1827,13.60401784798857,12.429755458069934,0.0,0.0,0.0,0.0,0.0,0.0,0.0,0.0,0.0,0.0,0.0,0.0,0.0,0.0,0.0,0.0,0.0,0.0,3.0,5.0,6.43864e-314,24.0,0.0978327686381762,1.6552078487902575,-0.0017798802174551,5.0,0.382642,211.0,0.0105463403249596
57,57.0,57.0,57.0,57.0,57.0,57.0,85.0,124199.0,99.0,0.0289066510688279,0.002,0.001,0.00934164,0.002,0.001,0.00934164,0.0008,0.0004,0.00113817,0.00227634,0.03935547,0.0,0.714793,0.050899,0.006257,0.19332,34.1972,57.3209,26.5,0.76968,0.1,0.3077999999999999,0.04,-56.705,12.899012290477485,11.372294970359578,0.0,0.0,0.0,0.0,0.0,0.0,0.0,0.0,0.0,0.0,0.0,0.0,0.0,0.0,0.0,0.0,0.0,0.0,3.0,5.0,2.16073e-314,22.5,0.2570502370960266,1.6785701123194203,0.5292269699211475,1.0,0.206312,1242.0,0.3030575307532379
58,58.0,58.0,58.0,58.0,58.0,58.0,84.0,127005.0,5.0,0.0443830621924649,0.002,0.001,0.00341616,0.002,0.001,0.00341616,0.0008,0.0004,0.00047289,0.00094578,0.04400484,0.0,0.186576,0.032667,0.01237,0.230148,44.0754,77.2903,26.5,0.0440399999999998,0.1,0.01764,0.04,-57.9234,12.658667624290803,11.03674337756826,0.0,0.0,0.0,0.0,0.0,0.0,0.0,0.0,0.0,0.0,0.0,0.0,0.0,0.0,0.0,0.0,0.0,0.0,3.0,5.0,0.0,22.0,0.132859906548268,1.0503925806471106,-0.0416977022472413,3.0,1.0374560000000002,1271.0,0.249125745212017
59,59.0,59.0,59.0,59.0,59.0,59.0,212.0,62063.0,63.0,0.0357573872362915,0.002,0.001,0.00615648,0.002,0.001,0.00615648,0.0008,0.0004,0.00064449,0.00128898,0.02764839,0.0,0.909076,0.022494,0.001273,0.148739,30.1808,29.1558,26.5,0.12228,0.1,0.0488399999999999,0.04,-56.528,13.16046432683361,11.751340975145135,0.0,0.0,0.0,0.0,0.0,0.0,0.0,0.0,0.0,0.0,0.0,0.0,0.0,0.0,0.0,0.0,0.0,0.0,3.0,5.0,6.40951e-314,20.5,0.100988636438352,1.291532829213416,0.4635315614324083,2.0,0.283916,621.0,0.0175492678187006
60,60.0,60.0,60.0,60.0,60.0,60.0,77.0,29722.0,22.0,0.0460010521763643,0.002,0.001,0.0079992,0.002,0.001,0.0079992,0.0008,0.0004,0.00086394,0.00172788,0.0475266,0.0,0.915847,0.04759,0.008535,0.17441,42.1053,59.6534,26.5,2.7654,0.1,1.10616,0.04,-57.4789,13.108814420821433,11.675270762609172,0.0,0.0,0.0,0.0,0.0,0.0,0.0,0.0,0.0,0.0,0.0,0.0,0.0,0.0,0.0,0.0,0.0,0.0,3.0,5.0,6.40273e-314,21.0,0.0683089680562491,1.0770757018416477,0.0059501599046557,0.0,0.0,298.0,0.7640808248491099
61,61.0,61.0,61.0,61.0,61.0,61.0,159.0,32184.0,84.0,0.0409677721690822,0.002,0.001,0.00130284,0.002,0.001,0.00130284,0.0008,0.0004,0.00097647,0.00195294,0.05671875,0.0,0.723179,0.052309,0.007175,0.148156,62.1396,47.1836,26.5,1.90272,0.1,0.76104,0.04,-57.753,8.197154527865239,6.513386561158728,0.0,0.0,0.0,0.0,0.0,0.0,0.0,0.0,0.0,0.0,0.0,0.0,0.0,0.0,0.0,0.0,0.0,0.0,3.0,5.0,6.44503e-314,20.5,0.1199717598802492,1.216302418346684,0.2043567582201028,1.0,0.167934,322.0,0.0645137563559439
62,62.0,62.0,62.0,62.0,62.0,62.0,11.0,22329.0,29.0,0.0471593695137371,0.002,0.001,0.00684816,0.002,0.001,0.00684816,0.0008,0.0004,0.00075108,0.00150216,0.03613236,0.0,0.289897,0.03398,0.006271,0.231589,30.6859,53.1024,26.5,0.7179599999999998,0.1,0.2871599999999999,0.04,-59.0074,13.082975214049075,11.637436866509196,0.0,0.0,0.0,0.0,0.0,0.0,0.0,0.0,0.0,0.0,0.0,0.0,0.0,0.0,0.0,0.0,0.0,0.0,3.0,5.0,6.43783e-314,21.5,0.111166642776077,1.2188181782232914,-0.1432314663571619,1.0,0.091394,224.0,0.1387384257196768
63,63.0,63.0,63.0,63.0,63.0,63.0,145.0,121863.0,63.0,0.0332705909664931,0.002,0.001,0.00402204,0.002,0.001,0.00402204,0.0008,0.0004,0.00122529,0.00245058,0.04591884,0.0,0.173453,0.016026,0.013074,0.21531,32.8033,42.4009,26.5,0.1764,0.1,0.07056,0.04,-57.1115,10.776601152147826,8.781611192379337,0.0,0.0,0.0,0.0,0.0,0.0,0.0,0.0,0.0,0.0,0.0,0.0,0.0,0.0,0.0,0.0,0.0,0.0,3.0,5.0,6.41624e-314,21.5,0.2796753797018735,1.752344949732385,0.9157010376050116,1.0,0.570156,1219.0,0.1035811201130173
64,64.0,64.0,64.0,64.0,64.0,64.0,209.0,86387.0,87.0,0.0120145288672844,0.002,0.001,0.00733128,0.002,0.001,0.00733128,0.0008,0.0004,0.00326601,0.00653202,0.0200904,0.0,0.521725,0.016863,0.006708,0.228678,29.8482,39.9171,26.5,0.7968,0.1,0.31872,0.04,-55.7884,9.692295361779866,7.731648705793822,0.0,0.0,0.0,0.0,0.0,0.0,0.0,0.0,0.0,0.0,0.0,0.0,0.0,0.0,0.0,0.0,0.0,0.0,3.0,5.0,6.47379e-314,20.5,0.2062266696844228,1.120472687853871,0.3243734140710773,2.0,0.731506,864.0,0.473806205965352
65,65.0,65.0,65.0,65.0,65.0,65.0,60.0,29894.0,94.0,0.0100476544510207,0.002,0.001,0.00362736,0.002,0.001,0.00362736,0.0008,0.0004,0.00033066,0.00066132,0.03667521,0.0,0.779131,0.048774,0.005772,0.274654,46.0792,58.8911,26.5,0.1136399999999999,0.1,0.04548,0.04,-57.7263,13.376561255374332,12.076143667260824,0.0,0.0,0.0,0.0,0.0,0.0,0.0,0.0,0.0,0.0,0.0,0.0,0.0,0.0,0.0,0.0,0.0,0.0,3.0,5.0,6.47643e-314,25.5,0.08470739830517,1.622663993062019,0.1048035812466567,2.0,0.132384,299.0,0.7953408784918385
66,66.0,66.0,66.0,66.0,66.0,66.0,18.0,57269.0,69.0,0.0244432792869435,0.002,0.001,0.00123156,0.002,0.001,0.00123156,0.0008,0.0004,0.00132726,0.00265452,0.048378,0.0,0.089404,0.033757,0.011329,0.170406,46.7291,50.9155,26.5,0.1390799999999999,0.1,0.05568,0.04,-58.9845,7.251214196198782,5.853344899007792,0.0,0.0,0.0,0.0,0.0,0.0,0.0,0.0,0.0,0.0,0.0,0.0,0.0,0.0,0.0,0.0,0.0,0.0,3.0,5.0,6.46968e-314,27.5,0.1911886694836547,2.1659092471406773,0.0638886948731283,3.0,0.5927370000000001,573.0,0.0666525492036146
67,67.0,67.0,67.0,67.0,67.0,67.0,17.0,76823.0,23.0,0.0452696285092799,0.002,0.001,0.00188892,0.002,0.001,0.00188892,0.0008,0.0004,0.00041151,0.00082302,0.04160574,0.0,0.5365,0.03487,0.009586,0.217772,26.194,39.7631,26.5,0.10656,0.1,0.0426,0.04,-55.4957,11.65433085285262,9.756987014145126,0.0,0.0,0.0,0.0,0.0,0.0,0.0,0.0,0.0,0.0,0.0,0.0,0.0,0.0,0.0,0.0,0.0,0.0,3.0,5.0,6.4793e-314,27.0,0.166341959871714,2.418301553479031,0.0517373814193381,2.0,0.557281,769.0,0.6829393621507238
68,68.0,68.0,68.0,68.0,68.0,68.0,246.0,126447.0,47.0,0.0499394045921779,0.002,0.001,0.00319308,0.002,0.001,0.00319308,0.0008,0.0004,0.00145365,0.0029073,0.04479717,0.0,1.23301,0.0209,0.005157,0.221316,40.2611,37.9809,26.5,0.1657199999999999,0.1,0.06624,0.04,-58.5018,9.62907615172425,7.675118488975144,0.0,0.0,0.0,0.0,0.0,0.0,0.0,0.0,0.0,0.0,0.0,0.0,0.0,0.0,0.0,0.0,0.0,0.0,3.0,5.0,4.26564e-314,30.0,0.2537604803081758,1.8984620361909623,0.358218378512841,2.0,0.791024,1265.0,0.3609436327544626
69,69.0,69.0,69.0,69.0,69.0,69.0,230.0,19032.0,32.0,0.0180659334486278,0.002,0.001,0.00657228,0.002,0.001,0.00657228,0.0008,0.0004,0.00033231,0.00066462,0.05506974,0.0,1.10455,0.030617,0.009014,0.14535,40.275,86.7534,26.5,0.07284,0.1,0.02916,0.04,-55.9748,14.083274961596295,13.216462548572887,0.0,0.0,0.0,0.0,0.0,0.0,0.0,0.0,0.0,0.0,0.0,0.0,0.0,0.0,0.0,0.0,0.0,0.0,3.0,5.0,4.11e-321,30.0,0.0831276736911682,2.156667791722867,0.078459133085241,3.0,0.32051,191.0,0.0757058316632592
70,70.0,70.0,70.0,70.0,70.0,70.0,157.0,61711.0,11.0,0.0322192123623799,0.002,0.001,0.00560076,0.002,0.001,0.00560076,0.0008,0.0004,0.00193809,0.00387618,0.02469918,0.0,0.45652,0.039964,0.000834,0.256725,46.8629,32.5446,26.5,1.60668,0.1,0.6427199999999998,0.04,-57.2308,10.420436531346764,8.41918063463745,0.0,0.0,0.0,0.0,0.0,0.0,0.0,0.0,0.0,0.0,0.0,0.0,0.0,0.0,0.0,0.0,0.0,0.0,3.0,5.0,4.26057e-314,26.5,0.246789039136645,1.428812675165071,0.8387447792708133,2.0,0.550327,618.0,0.1151274858093365
71,71.0,71.0,71.0,71.0,71.0,71.0,3.0,4862.0,62.0,0.0062746676192794,0.002,0.001,0.00566412,0.002,0.001,0.00566412,0.0008,0.0004,0.00068706,0.00137412,0.03750285,0.0,0.643475,0.039086,0.008467,0.193632,41.0015,48.393,26.5,0.12552,0.1,0.0501599999999999,0.04,-55.0251,12.907007265239931,11.383666051177102,0.0,0.0,0.0,0.0,0.0,0.0,0.0,0.0,0.0,0.0,0.0,0.0,0.0,0.0,0.0,0.0,0.0,0.0,3.0,5.0,0.0,27.0,0.1567934198163745,3.4571049864746715,-0.193315018095703,1.0,0.102837,49.0,0.0063964066827954
72,72.0,72.0,72.0,72.0,72.0,72.0,113.0,25784.0,84.0,0.0218335487040488,0.002,0.001,0.00379104,0.002,0.001,0.00379104,0.0008,0.0004,0.00177639,0.00355278,0.03344121,0.0,0.700425,0.033353,0.002753,0.179312,41.9934,36.1814,26.5,1.99152,0.1,0.79668,0.04,-58.6638,9.544853318573006,7.600552113850938,0.0,0.0,0.0,0.0,0.0,0.0,0.0,0.0,0.0,0.0,0.0,0.0,0.0,0.0,0.0,0.0,0.0,0.0,3.0,5.0,6.43462e-314,27.0,0.0492810840664087,1.4301714666539815,-0.121592938178876,1.0,0.07176,258.0,0.7901667969558474
73,73.0,73.0,73.0,73.0,73.0,73.0,207.0,128975.0,75.0,0.0164590021352764,0.002,0.001,0.0049104,0.002,0.001,0.0049104,0.0008,0.0004,0.00029271,0.00058542,0.06210303,0.0,0.336454,0.027608,0.012766,0.275473,26.7407,65.8028,26.5,1.67928,0.1,0.6717599999999999,0.04,-58.8547,13.917679874935756,12.938041382417412,0.0,0.0,0.0,0.0,0.0,0.0,0.0,0.0,0.0,0.0,0.0,0.0,0.0,0.0,0.0,0.0,0.0,0.0,3.0,5.0,6.47386e-314,33.5,0.1807972487384197,2.1794781308473308,0.1675019447442703,2.0,0.750017,1290.0,0.0340569063502249
74,74.0,74.0,74.0,74.0,74.0,74.0,99.0,93708.0,8.0,0.0403094961948572,0.002,0.001,0.00331716,0.002,0.001,0.00331716,0.0008,0.0004,0.00115962,0.00231924,0.04638117,0.0,0.584407,0.024945,0.006876,0.206136,49.0341,44.5112,26.5,1.09824,0.1,0.4393199999999999,0.04,-57.4807,10.391568264719636,8.390587500096574,0.0,0.0,0.0,0.0,0.0,0.0,0.0,0.0,0.0,0.0,0.0,0.0,0.0,0.0,0.0,0.0,0.0,0.0,3.0,5.0,0.0,32.0,0.3154373125617935,2.395574695419638,0.8845138966676257,1.0,0.482783,938.0,0.7220315833329639
75,75.0,75.0,75.0,75.0,75.0,75.0,184.0,59439.0,39.0,0.0328454931430232,0.002,0.001,0.0017358,0.002,0.001,0.0017358,0.0008,0.0004,0.00145365,0.0029073,0.04677981,0.0,0.404357,0.070625,0.004126,0.331394,37.1422,19.0444,26.5,0.16332,0.1,0.06528,0.04,-59.0911,7.895593828333677,6.294693172879916,0.0,0.0,0.0,0.0,0.0,0.0,0.0,0.0,0.0,0.0,0.0,0.0,0.0,0.0,0.0,0.0,0.0,0.0,3.0,5.0,6.48381e-314,32.5,0.0685536210506779,1.786360669311127,-0.242806862930911,4.0,0.865813,595.0,0.8969086100815372
76,76.0,76.0,76.0,76.0,76.0,76.0,133.0,16929.0,29.0,0.0462368989975726,0.002,0.001,0.00899448,0.002,0.001,0.00899448,0.0008,0.0004,0.00132,0.00264,0.04950726,0.0,0.826401,0.048194,0.005129,0.206697,42.8819,25.4254,26.5,1.44852,0.1,0.5793599999999999,0.04,-58.1414,12.54236246011137,10.878642036095393,0.0,0.0,0.0,0.0,0.0,0.0,0.0,0.0,0.0,0.0,0.0,0.0,0.0,0.0,0.0,0.0,0.0,0.0,3.0,5.0,6.43667e-314,32.0,0.1451101826034929,2.027685076413781,0.1666253883008864,1.0,0.09208,170.0,0.6370641599813553
77,77.0,77.0,77.0,77.0,77.0,77.0,75.0,93708.0,8.0,0.0278173994546162,0.002,0.001,0.00401016,0.002,0.001,0.00401016,0.0008,0.0004,0.00136488,0.00272976,0.04638117,0.0,0.584407,0.024945,0.006876,0.206136,49.0341,44.5112,26.5,1.09824,0.1,0.4393199999999999,0.04,-57.4807,10.467283147522831,8.465826131855,0.0,0.0,0.0,0.0,0.0,0.0,0.0,0.0,0.0,0.0,0.0,0.0,0.0,0.0,0.0,0.0,0.0,0.0,3.0,5.0,0.0,32.0,0.3154373125617935,2.395574695419638,0.8845138966676257,1.0,0.482783,938.0,0.7220315833329639
78,78.0,78.0,78.0,78.0,78.0,78.0,79.0,20578.0,78.0,0.0276787442981106,0.002,0.001,0.00463716,0.002,0.001,0.00463716,0.0008,0.0004,0.00224862,0.00449724,0.04295148,0.0,0.513414,0.032261,0.008408,0.211527,40.9378,29.8863,26.5,0.95856,0.1,0.3833999999999999,0.04,-54.6045,9.444762361825546,7.513027763880712,0.0,0.0,0.0,0.0,0.0,0.0,0.0,0.0,0.0,0.0,0.0,0.0,0.0,0.0,0.0,0.0,0.0,0.0,3.0,5.0,6.48101e-314,32.5,0.1368009224976859,2.4530725439727017,-0.0876444544208026,1.0,0.087791,206.0,0.5136713742257065
79,79.0,79.0,79.0,79.0,79.0,79.0,138.0,96115.0,15.0,0.0571041974956164,0.002,0.001,0.01298088,0.002,0.001,0.01298088,0.0008,0.0004,0.00138831,0.00277662,0.03988578,0.0,0.518935,0.036423,0.006025,0.21723,37.2291,45.6106,26.5,1.58052,0.1,0.6321599999999999,0.04,-56.7504,13.1251456958943,11.699259366539334,0.0,0.0,0.0,0.0,0.0,0.0,0.0,0.0,0.0,0.0,0.0,0.0,0.0,0.0,0.0,0.0,0.0,0.0,3.0,5.0,0.0,31.5,0.2931477509335349,1.7655691548594232,1.0163686986550062,2.0,0.655368,962.0,0.4213341007946707
80,80.0,80.0,80.0,80.0,80.0,80.0,158.0,9189.0,89.0,0.0320390650775374,0.002,0.001,0.01004124,0.002,0.001,0.01004124,0.0008,0.0004,0.00046332,0.00092664,0.03964587,0.0,1.16433,0.024393,0.007597,0.213285,27.5197,63.0301,26.5,0.96996,0.1,0.3879599999999999,0.04,-58.9148,14.165984879135465,13.35822265040247,0.0,0.0,0.0,0.0,0.0,0.0,0.0,0.0,0.0,0.0,0.0,0.0,0.0,0.0,0.0,0.0,0.0,0.0,3.0,5.0,6.41057e-314,31.5,0.0651286277666253,2.2394668665972626,-0.3359121239067497,1.0,0.093176,92.0,0.7848984599183965
81,81.0,81.0,81.0,81.0,81.0,81.0,249.0,8791.0,91.0,0.0287633648671795,0.002,0.001,0.00683892,0.002,0.001,0.00683892,0.0008,0.0004,0.00157971,0.00315942,0.03837174,0.0,0.818118,0.034941,0.005877,0.214867,46.6266,56.8974,26.5,1.1748,0.1,0.46992,0.04,-58.1447,11.508467470821122,9.586267114249868,0.0,0.0,0.0,0.0,0.0,0.0,0.0,0.0,0.0,0.0,0.0,0.0,0.0,0.0,0.0,0.0,0.0,0.0,3.0,5.0,4.26367e-314,31.0,0.0952678970825941,2.2702566009648293,-0.3599925656607902,1.0,0.082555,88.0,0.5355910607726166
82,82.0,82.0,82.0,82.0,82.0,82.0,20.0,18751.0,51.0,0.0529325668519707,0.002,0.001,0.00515196,0.002,0.001,0.00515196,0.0008,0.0004,0.00067881,0.00135762,0.02168694,0.0,0.840123,0.019278,0.006189,0.244279,33.9161,13.0703,26.5,1.00908,0.1,0.4036799999999999,0.04,-56.5286,12.753877545011573,11.168226433129067,0.0,0.0,0.0,0.0,0.0,0.0,0.0,0.0,0.0,0.0,0.0,0.0,0.0,0.0,0.0,0.0,0.0,0.0,3.0,5.0,4.28012e-314,31.0,0.0733808472696326,1.988699581376193,-0.3642063157096676,3.0,0.2505469999999999,188.0,0.9163608538038144
83,83.0,83.0,83.0,83.0,83.0,83.0,21.0,25443.0,43.0,0.035545528073384,0.002,0.001,0.00690756,0.002,0.001,0.00690756,0.0008,0.0004,0.00043296,0.00086592,0.07437276,0.0,0.442529,0.02834,0.00633,0.091962,48.5021,66.1755,26.5,0.0481199999999999,0.1,0.0192,0.04,-55.4764,13.862609664174167,12.847016622651285,0.0,0.0,0.0,0.0,0.0,0.0,0.0,0.0,0.0,0.0,0.0,0.0,0.0,0.0,0.0,0.0,0.0,0.0,3.0,5.0,0.0,38.5,0.083824713697274,1.83541645798687,0.2693474609161878,1.0,0.094269,255.0,0.1099918947720538
84,84.0,84.0,84.0,84.0,84.0,84.0,70.0,93511.0,11.0,0.0338973863440085,0.002,0.001,0.00260172,0.002,0.001,0.00260172,0.0008,0.0004,0.00075075,0.0015015,0.03344286,0.0,1.16484,0.023226,0.001449,0.169268,32.2959,69.861,26.5,1.58532,0.1,0.63408,0.04,-57.4949,10.92497430211144,8.938035330933744,0.0,0.0,0.0,0.0,0.0,0.0,0.0,0.0,0.0,0.0,0.0,0.0,0.0,0.0,0.0,0.0,0.0,0.0,3.0,5.0,4.26057e-314,37.0,0.0821939680096291,1.976942292539121,-0.2918918100748738,2.0,0.334481,936.0,0.5001565731641553
85,85.0,85.0,85.0,85.0,85.0,85.0,126.0,20957.0,57.0,0.0311755242463231,0.002,0.001,0.00828036,0.002,0.001,0.00828036,0.0008,0.0004,0.00053064,0.00106128,0.05396556,0.0,0.543443,0.021925,0.00766,0.236267,39.4812,49.9505,26.5,1.22436,0.1,0.48972,0.04,-58.8598,13.83757928822159,12.8058989815758,0.0,0.0,0.0,0.0,0.0,0.0,0.0,0.0,0.0,0.0,0.0,0.0,0.0,0.0,0.0,0.0,0.0,0.0,3.0,5.0,4.27993e-314,38.5,0.1547287809305919,2.9008020426940746,0.2174146481480354,3.0,0.285126,210.0,0.7638550149838144
86,86.0,86.0,86.0,86.0,86.0,86.0,0.0,19732.0,32.0,0.0113280171525589,0.002,0.001,0.01146156,0.002,0.001,0.01146156,0.0008,0.0004,0.00120186,0.00240372,0.05228817,0.0,0.723412,0.026271,0.007702,0.233534,49.2477,71.356,26.5,1.15776,0.1,0.46308,0.04,-58.0718,13.157723505301124,11.747289338397211,0.0,0.0,0.0,0.0,0.0,0.0,0.0,0.0,0.0,0.0,0.0,0.0,0.0,0.0,0.0,0.0,0.0,0.0,3.0,5.0,4.11e-321,39.5,0.0766715227168098,3.644332199135401,-0.2227973154527783,1.0,0.08431,198.0,0.5343612712707303
87,87.0,87.0,87.0,87.0,87.0,87.0,51.0,84443.0,43.0,0.0330167079716778,0.002,0.001,0.00542784,0.002,0.001,0.00542784,0.0008,0.0004,0.00095601,0.00191202,0.04827471,0.0,0.948789,0.036398,0.005208,0.241011,34.7926,57.9092,26.5,0.11952,0.1,0.04776,0.04,-57.7058,12.153869731383702,10.369886425098008,0.0,0.0,0.0,0.0,0.0,0.0,0.0,0.0,0.0,0.0,0.0,0.0,0.0,0.0,0.0,0.0,0.0,0.0,3.0,5.0,0.0,41.0,0.1565516012927089,3.249761223070533,-0.1124867599532217,1.0,0.322937,845.0,0.2393839104525806
88,88.0,88.0,88.0,88.0,88.0,88.0,7.0,30834.0,34.0,0.0412472117779361,0.002,0.001,0.00168828,0.002,0.001,0.00168828,0.0008,0.0004,0.00042339,0.00084678,0.05345967,0.0,0.533261,0.017662,0.006696,0.267969,48.4125,47.0551,26.5,0.0486,0.1,0.01944,0.04,-57.7648,11.29799867323508,9.346178956029371,0.0,0.0,0.0,0.0,0.0,0.0,0.0,0.0,0.0,0.0,0.0,0.0,0.0,0.0,0.0,0.0,0.0,0.0,3.0,5.0,6.47436e-314,43.5,0.0595513429711684,3.1161714535005176,-0.2500089866592993,3.0,0.326999,309.0,3.974983415489596
89,89.0,89.0,89.0,89.0,89.0,89.0,29.0,30834.0,34.0,0.0276529035622162,0.002,0.001,0.0032472,0.002,0.001,0.0032472,0.0008,0.0004,0.00224367,0.00448734,0.05345967,0.0,0.533261,0.017662,0.006696,0.267969,48.4125,47.0551,26.5,0.0486,0.1,0.01944,0.04,-57.7648,8.423757779640324,6.683221253941664,0.0,0.0,0.0,0.0,0.0,0.0,0.0,0.0,0.0,0.0,0.0,0.0,0.0,0.0,0.0,0.0,0.0,0.0,3.0,5.0,6.47436e-314,43.5,0.0595513429711684,3.1161714535005176,-0.2500089866592993,3.0,0.326999,309.0,1.8548814497667747
90,90.0,90.0,90.0,90.0,90.0,90.0,213.0,95852.0,52.0,0.032108529351683,0.002,0.001,0.00632016,0.002,0.001,0.00632016,0.0008,0.0004,0.00167475,0.0033495,0.0487905,0.0,1.42988,0.011452,0.003936,0.176148,60.2873,48.6699,26.5,0.05004,0.1,0.02004,0.04,-57.8802,11.153515516027133,9.18551124159989,0.0,0.0,0.0,0.0,0.0,0.0,0.0,0.0,0.0,0.0,0.0,0.0,0.0,0.0,0.0,0.0,0.0,0.0,3.0,5.0,6.4145e-314,40.5,0.2238928835907213,3.292203562395338,0.6560812727279477,2.0,0.491775,959.0,0.8738708289591678
91,91.0,91.0,91.0,91.0,91.0,91.0,43.0,22936.0,36.0,0.0232503198122557,0.002,0.001,0.00500016,0.002,0.001,0.00500016,0.0008,0.0004,0.00051117,0.00102234,0.03956205,0.0,0.603754,0.026203,0.003391,0.245675,31.5839,71.6209,26.5,0.573,0.1,0.2292,0.04,-56.1499,13.199000060602875,11.80848492296301,0.0,0.0,0.0,0.0,0.0,0.0,0.0,0.0,0.0,0.0,0.0,0.0,0.0,0.0,0.0,0.0,0.0,0.0,3.0,5.0,6.41236e-314,42.5,0.1352538554336306,2.8250276579076496,-0.2892408794346428,1.0,0.080172,230.0,0.9321730053842482
92,92.0,92.0,92.0,92.0,92.0,92.0,175.0,118040.0,40.0,0.0364161293274179,0.002,0.001,0.00323532,0.002,0.001,0.00323532,0.0008,0.0004,0.00040095,0.0008019,0.0409464,0.0,0.385039,0.01836,0.002122,0.261265,54.5383,61.9532,26.5,0.11436,0.1,0.04572,0.04,-58.0207,12.868063584420824,11.328405784282575,0.0,0.0,0.0,0.0,0.0,0.0,0.0,0.0,0.0,0.0,0.0,0.0,0.0,0.0,0.0,0.0,0.0,0.0,3.0,5.0,6.44043e-314,41.5,0.1824617230482969,3.010667342300574,0.3768542096945579,1.0,0.456195,1181.0,0.8904517805949197
93,93.0,93.0,93.0,93.0,93.0,93.0,248.0,64086.0,86.0,0.0376180539611393,0.002,0.001,0.00485628,0.002,0.001,0.00485628,0.0008,0.0004,0.00162525,0.0032505,0.06040782,0.0,1.02961,0.000688,0.009043,0.179669,52.8971,50.3408,26.5,0.08868,0.1,0.0355199999999999,0.04,-58.8162,10.514771269475297,8.513422506164604,0.0,0.0,0.0,0.0,0.0,0.0,0.0,0.0,0.0,0.0,0.0,0.0,0.0,0.0,0.0,0.0,0.0,0.0,3.0,5.0,6.47175e-314,46.0,0.2003419987265776,3.595305348055469,0.538009903654009,2.0,0.379016,641.0,0.1564169288636622
94,94.0,94.0,94.0,94.0,94.0,94.0,5.0,100291.0,91.0,0.0176748543368232,0.002,0.001,0.007293,0.002,0.001,0.007293,0.0008,0.0004,0.00158664,0.00317328,0.04753419,0.0,1.42604,0.046807,0.00492,0.360487,48.4372,19.2787,26.5,0.19572,0.1,0.07836,0.04,-55.1491,11.657701369403144,9.76097467925004,0.0,0.0,0.0,0.0,0.0,0.0,0.0,0.0,0.0,0.0,0.0,0.0,0.0,0.0,0.0,0.0,0.0,0.0,3.0,5.0,4.24996e-314,46.0,0.457842148482018,4.344182195413319,2.074611809429565,2.0,0.563183,1003.0,7.621146652271758
95,95.0,95.0,95.0,95.0,95.0,95.0,243.0,62649.0,49.0,0.0393642102961289,0.002,0.001,0.00650892,0.002,0.001,0.00650892,0.0008,0.0004,0.00054912,0.00109824,0.0619476,0.0,0.790499,0.027088,0.009039,0.237393,60.3368,63.8473,26.5,0.20532,0.1,0.08208,0.04,-55.3432,13.488553400092595,12.248716848062374,0.0,0.0,0.0,0.0,0.0,0.0,0.0,0.0,0.0,0.0,0.0,0.0,0.0,0.0,0.0,0.0,0.0,0.0,3.0,5.0,6.41506e-314,51.0,0.0962337273531502,3.3291393346230715,-0.0690350466010926,3.0,0.55748,627.0,0.7522040556258769
96,96.0,96.0,96.0,96.0,96.0,96.0,39.0,61033.0,33.0,0.0395196557957062,0.002,0.001,0.00152856,0.002,0.001,0.00152856,0.0008,0.0004,0.00113388,0.00226776,0.05793348,0.0,0.670649,0.028634,0.008212,0.289875,35.9476,85.1163,26.5,0.17712,0.1,0.07092,0.04,-55.0532,8.225676909638706,6.534498356966316,0.0,0.0,0.0,0.0,0.0,0.0,0.0,0.0,0.0,0.0,0.0,0.0,0.0,0.0,0.0,0.0,0.0,0.0,3.0,5.0,6.47963e-314,51.0,0.0478350131887942,4.170507715602191,-0.1916858745625423,1.0,0.089422,611.0,0.0774027578475705
97,97.0,97.0,97.0,97.0,97.0,97.0,103.0,59288.0,88.0,0.0300774593865864,0.002,0.001,0.00688908,0.002,0.001,0.00688908,0.0008,0.0004,0.00181434,0.00362868,0.05076621,0.0,0.792337,0.03906,0.001713,0.261304,48.1723,38.9807,26.5,0.0998399999999999,0.1,0.03996,0.04,-56.4593,11.16973669848833,9.203384467036056,0.0,0.0,0.0,0.0,0.0,0.0,0.0,0.0,0.0,0.0,0.0,0.0,0.0,0.0,0.0,0.0,0.0,0.0,3.0,5.0,6.4722e-314,56.0,0.0569602269311784,3.7518484206960734,-0.1031413131766401,2.0,0.415612,593.0,6.14310629514372
98,98.0,98.0,98.0,98.0,98.0,98.0,27.0,11042.0,42.0,0.0299938959058321,0.002,0.001,0.00338448,0.002,0.001,0.00338448,0.0008,0.0004,0.00047949,0.00095898,0.0277992,0.0,0.517719,0.042898,0.008372,0.205315,26.2256,54.7461,26.5,0.11076,0.1,0.04428,0.04,-55.4971,12.613007161961207,10.974347182123394,0.0,0.0,0.0,0.0,0.0,0.0,0.0,0.0,0.0,0.0,0.0,0.0,0.0,0.0,0.0,0.0,0.0,0.0,3.0,5.0,6.47292e-314,11.5,0.1897539497804378,0.1423560443417587,0.0525041273548164,2.0,0.235101,111.0,0.0919007465235205
99,99.0,99.0,99.0,99.0,99.0,99.0,60.0,29894.0,94.0,0.0280982784808092,0.002,0.001,0.00167772,0.002,0.001,0.00167772,0.0008,0.0004,0.00028974,0.00057948,0.03667521,0.0,0.779131,0.048774,0.005772,0.274654,46.0792,58.8911,26.5,0.1136399999999999,0.1,0.04548,0.04,-57.7263,12.197599230888985,10.425705310156408,0.0,0.0,0.0,0.0,0.0,0.0,0.0,0.0,0.0,0.0,0.0,0.0,0.0,0.0,0.0,0.0,0.0,0.0,3.0,5.0,6.47643e-314,25.5,0.08470739830517,1.622663993062019,0.1048035812466567,2.0,0.132384,299.0,0.7953408784918385
