,Unnamed: 0.8,Unnamed: 0.7,Unnamed: 0.6,Unnamed: 0.5,Unnamed: 0.4,Unnamed: 0.3,Unnamed: 0.2,Unnamed: 0.1,Unnamed: 0,gTON_STN_MEAN_nS_pF,gTON_STN_SIGMA,gTON_STN_THETA,gTON_CL_S_MEAN_nS_pF,gTON_CL_S_SIGMA,gTON_CL_S_THETA,gTON_CL_D_MEAN_nS_pF,gTON_CL_D_SIGMA,gTON_CL_D_THETA,gKCC2_S_nS_pF,gKCC2_D_nS_pF,gTRPC3_nS_pF,gHCN_nS_pF,gCA_nS_pF,gL_nS_pF,gSK_nS_pF,gNAP_nS_pF,gNAF_nS_pF,gKDR_nS_pF,gSD_nS,soma_noise_intensity,soma_noise_intensity_theta,dend_noise_intensity,dend_noise_intensity_theta,Eleak_mV,CL_in_S,CL_in_D,Iapp,Iapp_dend,gpe_stim,gpe_stim_freqs,gpe_poisson,W_gpe,gpe_start_time,gpe_base_length,gpe_stim_length,gpe_post_length,str_stim,str_stim_freqs,str_poisson,W_str,str_start_time,str_base_length,str_stim_length,str_post_length,tausyn,tauexc,tausyn_dend,pre_exp_fr,pre_exp_cv,pre_exp_fr_zscore,pre_exp_cv_zscore,connections,total_weight,sim,rel_error
0,0.0,0.0,0.0,0.0,0.0,0.0,96.0,92307.0,7.0,0.0189211212648178,0.02,0.001,0.00241164,0.02,0.001,0.003654,0.008,0.0004,0.000934,0.000934,0.05028276,0.0,1.06154,0.035062,0.008455,0.128097,39.7854,27.1872,26.5,0.57876,0.1,0.2314799999999998,0.04,-57.8084,10.098508470403987,11.248286968171476,0.0,0.0,0.0,0.0,0.0,0.0,0.0,0.0,0.0,0.0,0.0,0.0,0.0,0.0,0.0,0.0,0.0,0.0,3.0,5.0,0.0,4.0,0.1035066399256608,-0.3414357566149363,0.021572847003538,1.0,0.236075,924.0,0.0152651620365879
1,1.0,1.0,1.0,1.0,1.0,1.0,150.0,78859.0,59.0,0.045390395455049,0.02,0.001,0.003119424,0.02,0.001,0.0047264,0.008,0.0004,0.006433,0.006433,0.0623766,0.0,0.533496,0.03053,0.007169,0.115043,12.8204,60.4706,26.5,0.13152,0.1,0.05256,0.04,-55.5179,5.9251634002765785,6.7158337867358995,0.0,0.0,0.0,0.0,0.0,0.0,0.0,0.0,0.0,0.0,0.0,0.0,0.0,0.0,0.0,0.0,0.0,0.0,3.0,5.0,6.48281e-314,3.0,0.3560571026154536,-0.90280820983851,1.1003922868336986,2.0,0.651833,789.0,0.0776641284698416
2,2.0,2.0,2.0,2.0,2.0,2.0,210.0,118476.0,76.0,0.0238549385536131,0.02,0.001,0.002816352,0.02,0.001,0.0042672,0.008,0.0004,0.003785,0.003785,0.03825492,0.0,0.675808,0.043778,0.00805,0.169077,19.2961,52.2104,26.5,0.12744,0.1,0.0509999999999998,0.04,-56.3618,6.743257134573741,7.743383301080596,0.0,0.0,0.0,0.0,0.0,0.0,0.0,0.0,0.0,0.0,0.0,0.0,0.0,0.0,0.0,0.0,0.0,0.0,3.0,5.0,6.40663e-314,4.5,0.3945991857359928,-0.5907453937081006,1.016948331832718,2.0,0.924156,1185.0,0.0424577275202442
3,3.0,3.0,3.0,3.0,3.0,3.0,120.0,103267.0,67.0,0.0539875501525023,0.02,0.001,0.003487176,0.02,0.001,0.0052836,0.008,0.0004,0.006069,0.006069,0.0607662,0.0,0.810504,0.043855,0.008438,0.192658,34.6124,54.8244,26.5,0.11652,0.1,0.04668,0.04,-58.3522,6.222632020079024,7.098786854583309,0.0,0.0,0.0,0.0,0.0,0.0,0.0,0.0,0.0,0.0,0.0,0.0,0.0,0.0,0.0,0.0,0.0,0.0,3.0,5.0,4.26895e-314,3.0,0.2462019474422914,-1.2643904176053913,0.5350486046522148,2.0,0.864421,1033.0,0.0570580155796216
4,4.0,4.0,4.0,4.0,4.0,4.0,108.0,40340.0,40.0,0.028129134929957,0.02,0.001,0.003212748,0.02,0.001,0.0048678,0.008,0.0004,0.001078,0.001078,0.0641355,0.0,0.670463,0.05095,0.009722,0.164694,36.7917,51.0825,26.5,1.27476,0.1,0.50988,0.04,-58.5843,10.507475386433452,11.613830469853959,0.0,0.0,0.0,0.0,0.0,0.0,0.0,0.0,0.0,0.0,0.0,0.0,0.0,0.0,0.0,0.0,0.0,0.0,3.0,5.0,6.47676e-314,4.0,0.1255235477773912,-0.9693743240202708,-0.4991599899044349,3.0,0.678953,404.0,0.0031166807798857
5,5.0,5.0,5.0,5.0,5.0,5.0,234.0,133404.0,4.0,0.0410547213774183,0.02,0.001,0.001208592,0.02,0.001,0.0018312,0.008,0.0004,0.002118,0.002118,0.04825722,0.0,0.431631,0.05657,0.009046,0.201649,52.7922,43.0445,26.5,0.0710399999999999,0.1,0.0284399999999998,0.04,-57.4641,6.209828961924018,7.082527996018989,0.0,0.0,0.0,0.0,0.0,0.0,0.0,0.0,0.0,0.0,0.0,0.0,0.0,0.0,0.0,0.0,0.0,0.0,3.0,5.0,0.0,5.0,0.2721036955415562,-0.3899621993739819,0.826815183283352,2.0,0.7956460000000001,1335.0,0.0008177599215028
6,6.0,6.0,6.0,6.0,6.0,6.0,23.0,66110.0,10.0,0.0491434345675436,0.02,0.001,0.004510044,0.02,0.001,0.0068334,0.008,0.0004,0.000823,0.000823,0.06620988,0.0,1.19935,0.015899,0.010233,0.210238,29.0481,18.641,26.5,1.6278,0.1,0.65112,0.04,-56.5581,12.074060930621016,12.919853313451874,0.0,0.0,0.0,0.0,0.0,0.0,0.0,0.0,0.0,0.0,0.0,0.0,0.0,0.0,0.0,0.0,0.0,0.0,3.0,5.0,1e-323,3.5,0.0872836680596964,-0.5687580516638726,-0.2804324911293014,3.0,0.71033,662.0,0.0382155270387607
7,7.0,7.0,7.0,7.0,7.0,7.0,185.0,81528.0,28.0,0.0377625112705043,0.02,0.001,0.001671516,0.02,0.001,0.0025326,0.008,0.0004,0.001073,0.001073,0.0746592,0.0,0.548279,0.036129,0.009109,0.134614,32.0256,51.2327,26.5,1.22688,0.1,0.4908,0.04,-59.4177,8.632191705201567,9.838489139453962,0.0,0.0,0.0,0.0,0.0,0.0,0.0,0.0,0.0,0.0,0.0,0.0,0.0,0.0,0.0,0.0,0.0,0.0,3.0,5.0,4.82e-321,4.0,0.2502248238373493,-0.5753229731691537,0.6737822922654476,2.0,0.622449,816.0,0.0254303052102637
8,8.0,8.0,8.0,8.0,8.0,8.0,188.0,58164.0,64.0,0.0426465601380267,0.02,0.001,0.007117572,0.02,0.001,0.0107842,0.008,0.0004,0.002386,0.002386,0.04929078,0.0,0.636782,0.044076,0.010724,0.15529,50.4488,63.0627,26.5,0.92076,0.1,0.36828,0.04,-60.5303,10.51009130525062,11.616133364505723,0.0,0.0,0.0,0.0,0.0,0.0,0.0,0.0,0.0,0.0,0.0,0.0,0.0,0.0,0.0,0.0,0.0,0.0,3.0,5.0,3.14384e-319,3.0,0.1471589176676803,-0.7329459941620562,0.0061029771133743,2.0,0.090351,582.0,0.0240742555080489
9,9.0,9.0,9.0,9.0,9.0,9.0,15.0,103745.0,45.0,0.0336644988663596,0.02,0.001,0.0056862959999999,0.02,0.001,0.0086156,0.008,0.0004,0.000858,0.000858,0.0681516,0.0,0.677797,0.039555,0.008847,0.149091,38.5793,40.4266,26.5,1.30416,0.1,0.52164,0.04,-57.1206,12.485702289871906,13.240843701583762,0.0,0.0,0.0,0.0,0.0,0.0,0.0,0.0,0.0,0.0,0.0,0.0,0.0,0.0,0.0,0.0,0.0,0.0,3.0,5.0,0.0,8.5,0.2896728434639072,0.0929826880266719,1.1388045429097051,1.0,0.40011,1038.0,0.007382733772461
10,10.0,10.0,10.0,10.0,10.0,10.0,151.0,75615.0,15.0,0.0231793642187873,0.02,0.001,0.004146912,0.02,0.001,0.0062832,0.008,0.0004,0.001561,0.001561,0.08106714,0.0,0.51575,0.049081,0.008338,0.211983,43.2186,56.8005,26.5,0.14052,0.1,0.05628,0.04,-56.6847,10.180352021755336,11.322331903060642,0.0,0.0,0.0,0.0,0.0,0.0,0.0,0.0,0.0,0.0,0.0,0.0,0.0,0.0,0.0,0.0,0.0,0.0,3.0,5.0,0.0,9.0,0.3725361130790491,-0.1477942860075781,0.9943932815425996,3.0,0.872954,757.0,0.0084398847678001
11,11.0,11.0,11.0,11.0,11.0,11.0,82.0,102829.0,29.0,0.0232288948996765,0.02,0.001,0.001814736,0.02,0.001,0.0027496,0.008,0.0004,0.002108,0.002108,0.05526048,0.0,0.74875,0.038174,0.008076,0.20181,44.032,46.6504,26.5,0.11604,0.1,0.0464399999999998,0.04,-57.1775,7.072447084327804,8.134859894807636,0.0,0.0,0.0,0.0,0.0,0.0,0.0,0.0,0.0,0.0,0.0,0.0,0.0,0.0,0.0,0.0,0.0,0.0,3.0,5.0,6.4009e-314,8.5,0.3493440392379997,0.0012781716040662,1.123857853601901,3.0,1.211377,1029.0,0.0070973463348527
12,12.0,12.0,12.0,12.0,12.0,12.0,193.0,19149.0,49.0,0.0297887883187171,0.02,0.001,0.002391312,0.02,0.001,0.0036232,0.008,0.0004,0.00487,0.00487,0.08453082,0.0,0.846194,0.031748,0.01435,0.236351,32.1249,56.4262,26.5,1.6475999999999995,0.1,0.65904,0.04,-57.784,5.945964947732865,6.742968634161252,0.0,0.0,0.0,0.0,0.0,0.0,0.0,0.0,0.0,0.0,0.0,0.0,0.0,0.0,0.0,0.0,0.0,0.0,3.0,5.0,6.41663e-314,9.0,0.3542399154597326,-0.0632888037083952,0.933455787648628,3.0,0.359607,192.0,0.0143051857809303
13,13.0,13.0,13.0,13.0,13.0,13.0,167.0,42252.0,52.0,0.0227238430542052,0.02,0.001,0.003319008,0.02,0.001,0.0050288,0.008,0.0004,0.005783,0.005783,0.07450806,0.0,0.732641,0.044424,0.00803,0.146116,44.1692,53.0108,26.5,0.1191599999999999,0.1,0.0476399999999999,0.04,-57.7285,6.220489306484243,7.096067167706078,0.0,0.0,0.0,0.0,0.0,0.0,0.0,0.0,0.0,0.0,0.0,0.0,0.0,0.0,0.0,0.0,0.0,0.0,3.0,5.0,6.41321e-314,8.5,0.494507504299548,-0.1418973249540882,1.3162429017963329,2.0,0.240822,423.0,0.0083864631114698
14,14.0,14.0,14.0,14.0,14.0,14.0,227.0,60156.0,56.0,0.0377428476456245,0.02,0.001,0.003964884,0.02,0.001,0.0060074,0.008,0.0004,0.002082,0.002082,0.09963426,0.0,0.570899,0.041789,0.009499,0.079895,50.0191,38.9132,26.5,0.9294,0.1,0.37176,0.04,-59.3904,9.212356612509971,10.416084575034334,0.0,0.0,0.0,0.0,0.0,0.0,0.0,0.0,0.0,0.0,0.0,0.0,0.0,0.0,0.0,0.0,0.0,0.0,3.0,5.0,6.41221e-314,7.5,0.5112738888052302,-0.1979918135255788,1.986303113612099,0.0,0.0,602.0,0.0112690673663411
15,15.0,15.0,15.0,15.0,15.0,15.0,97.0,102394.0,94.0,0.0378542167904595,0.02,0.001,0.0045405359999999,0.02,0.001,0.0068796,0.008,0.0004,0.012083,0.012083,0.0740157,0.0,0.707563,0.03049,0.010409,0.17571,36.0426,54.3682,26.5,1.12968,0.1,0.45192,0.04,-60.7226,5.541568225013468,6.20572563946406,0.0,0.0,0.0,0.0,0.0,0.0,0.0,0.0,0.0,0.0,0.0,0.0,0.0,0.0,0.0,0.0,0.0,0.0,3.0,5.0,6.47327e-314,8.0,0.2531674228492009,-0.218622931393375,0.5495789551185586,1.0,0.375307,1024.0,0.0039239489357266
16,16.0,16.0,16.0,16.0,16.0,16.0,241.0,88926.0,26.0,0.0296472810664826,0.02,0.001,0.000936012,0.02,0.001,0.0014182,0.008,0.0004,0.000369,0.000369,0.04213374,0.0,0.470485,0.027191,0.009969,0.186572,47.0454,20.4499,26.5,1.14384,0.1,0.4575599999999999,0.04,-58.4085,10.04728935125813,11.201716227609328,0.0,0.0,0.0,0.0,0.0,0.0,0.0,0.0,0.0,0.0,0.0,0.0,0.0,0.0,0.0,0.0,0.0,0.0,3.0,5.0,4.11e-321,5.5,0.4658087204834373,-0.4470508676769117,1.5797431871171563,2.0,0.538683,890.0,0.0012526008217884
17,17.0,17.0,17.0,17.0,17.0,17.0,242.0,101264.0,64.0,0.0615388867438898,0.02,0.001,0.000888888,0.02,0.001,0.0013468,0.008,0.0004,0.002667,0.002667,0.06513078,0.0,0.710446,0.042193,0.009053,0.158258,31.4235,53.4951,26.5,0.1284,0.1,0.05136,0.04,-58.816,5.385687285083331,5.993132537019102,0.0,0.0,0.0,0.0,0.0,0.0,0.0,0.0,0.0,0.0,0.0,0.0,0.0,0.0,0.0,0.0,0.0,0.0,3.0,5.0,3.14384e-319,6.5,0.1179341149823996,-0.7103791575335612,-0.3601692531625181,1.0,0.354322,1013.0,0.0036510233765261
18,18.0,18.0,18.0,18.0,18.0,18.0,44.0,120838.0,38.0,0.0408332647040692,0.02,0.001,0.00509586,0.02,0.001,0.007721,0.008,0.0004,0.001522,0.001522,0.0822261,0.0,1.14184,0.023016,0.009319,0.186819,29.6224,43.9336,26.5,0.14376,0.1,0.05748,0.04,-57.5248,10.830983698642,11.895346168642627,0.0,0.0,0.0,0.0,0.0,0.0,0.0,0.0,0.0,0.0,0.0,0.0,0.0,0.0,0.0,0.0,0.0,0.0,3.0,5.0,4.27978e-314,13.0,0.2656944401746637,0.4747132992542164,0.6714451026462563,2.0,0.858376,1209.0,0.0233075898357955
19,19.0,19.0,19.0,19.0,19.0,19.0,59.0,110357.0,57.0,0.0417788089659965,0.02,0.001,0.001208592,0.02,0.001,0.0018312,0.008,0.0004,0.002118,0.002118,0.06115296,0.0,0.697925,0.024272,0.009788,0.18375,32.4448,32.8596,26.5,1.1760000000000002,0.1,0.4704,0.04,-57.757,6.209828961924018,7.082527996018989,0.0,0.0,0.0,0.0,0.0,0.0,0.0,0.0,0.0,0.0,0.0,0.0,0.0,0.0,0.0,0.0,0.0,0.0,3.0,5.0,4.26391e-314,13.5,0.2518934281777235,0.7180236346487233,0.2727755679555085,1.0,0.449987,1104.0,0.0185065540179815
20,20.0,20.0,20.0,20.0,20.0,20.0,216.0,12499.0,99.0,0.0320115645733773,0.02,0.001,0.004600596,0.02,0.001,0.0069706,0.008,0.0004,0.001007,0.001007,0.05946468,0.0,0.738179,0.040877,0.00875,0.174312,43.957,30.5623,26.5,0.08508,0.1,0.03408,0.04,-56.1126,11.642704819254881,12.57409489821294,0.0,0.0,0.0,0.0,0.0,0.0,0.0,0.0,0.0,0.0,0.0,0.0,0.0,0.0,0.0,0.0,0.0,0.0,3.0,5.0,2.12725e-314,11.5,0.1682809982308427,0.3461069019321245,0.0153514841665969,1.0,0.115171,125.0,0.0807423050556524
21,21.0,21.0,21.0,21.0,21.0,21.0,141.0,24121.0,21.0,0.0299333968768365,0.02,0.001,0.002729496,0.02,0.001,0.0041356,0.008,0.0004,0.00912,0.00912,0.07371672,0.0,0.785676,0.037941,0.011605,0.242746,37.1989,36.0446,26.5,0.85656,0.1,0.3426,0.04,-56.0436,5.258278260436717,5.81709670899177,0.0,0.0,0.0,0.0,0.0,0.0,0.0,0.0,0.0,0.0,0.0,0.0,0.0,0.0,0.0,0.0,0.0,0.0,3.0,5.0,4.25267e-314,13.5,0.1086859170487177,0.337601707425912,-0.1698934610330177,1.0,0.059864,242.0,0.2015567140014074
22,22.0,22.0,22.0,22.0,22.0,22.0,237.0,44481.0,81.0,0.0412205654616308,0.02,0.001,0.003801336,0.02,0.001,0.0057596,0.008,0.0004,0.001135,0.001135,0.08315472,0.0,0.801517,0.037433,0.011333,0.164652,37.3136,48.2578,26.5,0.12012,0.1,0.048,0.04,-57.384,10.831851787287226,11.896092813039497,0.0,0.0,0.0,0.0,0.0,0.0,0.0,0.0,0.0,0.0,0.0,0.0,0.0,0.0,0.0,0.0,0.0,0.0,3.0,5.0,4.28315e-314,15.0,0.1286359399524383,0.5543494569256167,-0.0830401857068401,1.0,0.240077,445.0,0.2031112524401148
23,23.0,23.0,23.0,23.0,23.0,23.0,53.0,48753.0,53.0,0.04316726489493,0.02,0.001,0.000863016,0.02,0.001,0.0013076,0.008,0.0004,0.002781,0.002781,0.07343424,0.0,0.852243,0.040624,0.009713,0.200049,35.7295,56.1758,26.5,1.51332,0.1,0.60528,0.04,-56.438,5.29989733625261,5.874824180018372,0.0,0.0,0.0,0.0,0.0,0.0,0.0,0.0,0.0,0.0,0.0,0.0,0.0,0.0,0.0,0.0,0.0,0.0,3.0,5.0,4.27795e-314,13.5,0.2462504730532058,0.9941600150440252,0.7465597095503389,1.0,0.233031,488.0,0.1349094102179775
24,24.0,24.0,24.0,24.0,24.0,24.0,28.0,76101.0,1.0,0.0315215693072405,0.02,0.001,0.007084308,0.02,0.001,0.0107338,0.008,0.0004,0.002938,0.002938,0.0919083,0.0,0.959344,0.03745,0.011965,0.176048,35.9093,46.1476,26.5,1.34088,0.1,0.5364,0.04,-58.5398,9.900551756081123,11.067292458421072,0.0,0.0,0.0,0.0,0.0,0.0,0.0,0.0,0.0,0.0,0.0,0.0,0.0,0.0,0.0,0.0,0.0,0.0,3.0,5.0,0.0,15.0,0.1151673104546604,0.7673168766386821,-0.6258785066599097,1.0,0.236578,762.0,0.0530191944756597
25,25.0,25.0,25.0,25.0,25.0,25.0,181.0,4182.0,82.0,0.0363654961481323,0.02,0.001,0.001181796,0.02,0.001,0.0017906,0.008,0.0004,0.001283,0.001283,0.05868588,0.0,0.70937,0.037866,0.008004,0.191805,39.1543,56.2533,26.5,1.3656,0.1,0.54624,0.04,-57.9234,7.233457651818729,8.321996403858105,0.0,0.0,0.0,0.0,0.0,0.0,0.0,0.0,0.0,0.0,0.0,0.0,0.0,0.0,0.0,0.0,0.0,0.0,3.0,5.0,6.47758e-314,10.5,0.176292471497847,0.5799926735248576,-0.2080246074023296,1.0,0.102979,42.0,0.0207079786065759
26,26.0,26.0,26.0,26.0,26.0,26.0,164.0,21758.0,58.0,0.0434573875309505,0.02,0.001,0.003264492,0.02,0.001,0.0049462,0.008,0.0004,0.004195,0.004195,0.0593472,0.0,0.39715,0.029465,0.011572,0.167639,30.68,25.5915,26.5,1.08,0.1,0.4319999999999999,0.04,-55.3313,6.841769988753242,7.861808536514175,0.0,0.0,0.0,0.0,0.0,0.0,0.0,0.0,0.0,0.0,0.0,0.0,0.0,0.0,0.0,0.0,0.0,0.0,3.0,5.0,6.44129e-314,12.5,0.1473167305482114,0.159284051568527,0.1393797118326423,1.0,0.065065,218.0,0.0847959576522426
27,27.0,27.0,27.0,27.0,27.0,27.0,154.0,78338.0,38.0,0.0198921397085696,0.02,0.001,0.003688608,0.02,0.001,0.0055888,0.008,0.0004,0.002592,0.002592,0.08299434,0.0,0.940776,0.048429,0.010012,0.17853,37.8195,45.6847,26.5,1.26228,0.1,0.50496,0.04,-58.1594,8.376430049465645,9.574862277669283,0.0,0.0,0.0,0.0,0.0,0.0,0.0,0.0,0.0,0.0,0.0,0.0,0.0,0.0,0.0,0.0,0.0,0.0,3.0,5.0,4.28057e-314,12.5,0.0584414759591098,0.4138199439413568,-0.9554411060123882,0.0,0.0,784.0,0.1349879172091372
28,28.0,28.0,28.0,28.0,28.0,28.0,147.0,15971.0,71.0,0.0561732947505625,0.02,0.001,0.007028868,0.02,0.001,0.0106498,0.008,0.0004,0.001404,0.001404,0.08595114,0.0,0.845157,0.039258,0.009076,0.160524,32.49,37.8645,26.5,1.47144,0.1,0.5885999999999999,0.04,-57.7729,11.864091521911199,12.752784341792802,0.0,0.0,0.0,0.0,0.0,0.0,0.0,0.0,0.0,0.0,0.0,0.0,0.0,0.0,0.0,0.0,0.0,0.0,3.0,5.0,4.26683e-314,13.5,0.1779471608211121,0.6892917961675734,-0.0043208840240037,1.0,0.109984,160.0,0.0582987287684869
29,29.0,29.0,29.0,29.0,29.0,29.0,117.0,43588.0,88.0,0.0364376494781066,0.02,0.001,0.000864864,0.02,0.001,0.0013104,0.008,0.0004,0.007674,0.007674,0.07082394,0.0,0.713701,0.031538,0.009261,0.168477,38.2209,67.9345,26.5,1.2202799999999998,0.1,0.4881599999999998,0.04,-58.4093,4.518198794920224,4.75570018566436,0.0,0.0,0.0,0.0,0.0,0.0,0.0,0.0,0.0,0.0,0.0,0.0,0.0,0.0,0.0,0.0,0.0,0.0,3.0,5.0,6.47618e-314,12.5,0.2725913473417835,0.4052866646416463,0.5846549612211338,3.0,0.484799,436.0,0.0081467649532005
30,30.0,30.0,30.0,30.0,30.0,30.0,100.0,51325.0,25.0,0.0106098364737505,0.02,0.001,0.001787016,0.02,0.001,0.0027076,0.008,0.0004,0.000746,0.000746,0.06421404,0.0,0.836457,0.035442,0.00818,0.234311,47.1377,34.9947,26.5,1.28088,0.1,0.5124,0.04,-57.4764,9.881459896284621,11.049692186065386,0.0,0.0,0.0,0.0,0.0,0.0,0.0,0.0,0.0,0.0,0.0,0.0,0.0,0.0,0.0,0.0,0.0,0.0,3.0,5.0,4.24871e-314,17.5,0.071393661661821,0.9273051512233712,-0.2150871085656453,2.0,0.359348,514.0,1.4638934538368948
31,31.0,31.0,31.0,31.0,31.0,31.0,64.0,111143.0,43.0,0.0518545563100336,0.02,0.001,0.006539148,0.02,0.001,0.0099078,0.008,0.0004,0.003449,0.003449,0.08946828,0.0,0.925473,0.0365,0.009581,0.188346,40.5837,50.866,26.5,1.15884,0.1,0.4635599999999999,0.04,-57.8781,9.199462571086064,10.403542403725156,0.0,0.0,0.0,0.0,0.0,0.0,0.0,0.0,0.0,0.0,0.0,0.0,0.0,0.0,0.0,0.0,0.0,0.0,3.0,5.0,0.0,17.0,0.2933701528645736,1.156987173353478,0.6452197602342306,3.0,1.17067,1112.0,0.0995130480478412
32,32.0,32.0,32.0,32.0,32.0,32.0,174.0,20838.0,38.0,0.0356432412819346,0.02,0.001,0.004058208,0.02,0.001,0.0061488,0.008,0.0004,0.001063,0.001063,0.0792363,0.0,0.488331,0.035333,0.005687,0.145345,42.9498,64.2633,26.5,0.1875599999999998,0.1,0.075,0.04,-56.3019,11.184068137884541,12.195287625129355,0.0,0.0,0.0,0.0,0.0,0.0,0.0,0.0,0.0,0.0,0.0,0.0,0.0,0.0,0.0,0.0,0.0,0.0,3.0,5.0,4.25246e-314,20.0,0.1050262684824146,1.0535514261330068,0.3048108901683382,1.0,0.117489,209.0,0.4910047883491287
33,33.0,33.0,33.0,33.0,33.0,33.0,136.0,110112.0,12.0,0.0407650515004761,0.02,0.001,0.004078536,0.02,0.001,0.0061796,0.008,0.0004,0.008212,0.008212,0.0544005,0.0,0.792463,0.033469,0.007038,0.20253,30.4112,65.3785,26.5,1.6183200000000002,0.1,0.6474,0.04,-55.7178,5.965025022256871,6.767784547980969,0.0,0.0,0.0,0.0,0.0,0.0,0.0,0.0,0.0,0.0,0.0,0.0,0.0,0.0,0.0,0.0,0.0,0.0,3.0,5.0,4.24872e-314,16.0,0.1615070143926313,1.073567328717819,-0.4329091246901124,1.0,0.347311,1102.0,0.0782184371885927
34,34.0,34.0,34.0,34.0,34.0,34.0,6.0,133880.0,80.0,0.0400392123390238,0.02,0.001,0.005222448,0.02,0.001,0.0079128,0.008,0.0004,0.002942,0.002942,0.05340984,0.0,0.74922,0.040325,0.004993,0.209732,37.7276,66.9902,26.5,0.1228799999999998,0.1,0.04908,0.04,-57.7179,9.008035055539775,10.215793611294714,0.0,0.0,0.0,0.0,0.0,0.0,0.0,0.0,0.0,0.0,0.0,0.0,0.0,0.0,0.0,0.0,0.0,0.0,3.0,5.0,6.40895e-314,15.5,0.2106031978024833,1.0828414807602111,0.652516487392647,1.0,0.355689,1339.0,0.0356893106077791
35,35.0,35.0,35.0,35.0,35.0,35.0,153.0,11941.0,41.0,0.0467244691460861,0.02,0.001,0.00334026,0.02,0.001,0.005061,0.008,0.0004,0.004365,0.004365,0.07987254,0.0,0.838432,0.045594,0.005488,0.161376,38.2499,51.8679,26.5,0.8400000000000001,0.1,0.336,0.04,-56.6927,6.8046017257271165,7.81725672275739,0.0,0.0,0.0,0.0,0.0,0.0,0.0,0.0,0.0,0.0,0.0,0.0,0.0,0.0,0.0,0.0,0.0,0.0,3.0,5.0,6.41353e-314,18.0,0.1816544079224633,1.6644621754098936,-0.0315568059334071,2.0,0.185615,120.0,0.1485121269402699
36,36.0,36.0,36.0,36.0,36.0,36.0,58.0,95750.0,50.0,0.0403820841587476,0.02,0.001,0.002703624,0.02,0.001,0.0040964,0.008,0.0004,0.003548,0.003548,0.09109122,0.0,0.390733,0.041416,0.013887,0.204617,45.5526,110.872,26.5,1.11636,0.1,0.44652,0.04,-56.2134,6.795304139198759,7.806087717239094,0.0,0.0,0.0,0.0,0.0,0.0,0.0,0.0,0.0,0.0,0.0,0.0,0.0,0.0,0.0,0.0,0.0,0.0,3.0,5.0,4.28302e-314,16.5,0.1419474178626409,0.6785160029886479,0.2346507782557349,1.0,0.342883,958.0,0.1789362305263595
37,37.0,37.0,37.0,37.0,37.0,37.0,106.0,99932.0,32.0,0.0463728419196295,0.02,0.001,0.005598516,0.02,0.001,0.0084826,0.008,0.0004,0.00376,0.00376,0.06148032,0.0,0.986125,0.034571,0.007958,0.163289,66.2249,46.8559,26.5,1.5070800000000002,0.1,0.60276,0.04,-56.2852,8.503856823313892,9.706921896183333,0.0,0.0,0.0,0.0,0.0,0.0,0.0,0.0,0.0,0.0,0.0,0.0,0.0,0.0,0.0,0.0,0.0,0.0,3.0,5.0,4.11e-321,15.5,0.0667752753141813,0.5552429848276906,-0.4034642824436762,2.0,0.342194,1000.0,0.5631404994654995
38,38.0,38.0,38.0,38.0,38.0,38.0,25.0,52061.0,61.0,0.0221304939566627,0.02,0.001,0.005347188,0.02,0.001,0.0081018,0.008,0.0004,0.003793,0.003793,0.0940896,0.0,0.703476,0.035929,0.012077,0.235237,48.4711,39.5731,26.5,0.13296,0.1,0.05316,0.04,-57.6756,8.350103461630988,9.547399100239456,0.0,0.0,0.0,0.0,0.0,0.0,0.0,0.0,0.0,0.0,0.0,0.0,0.0,0.0,0.0,0.0,0.0,0.0,3.0,5.0,4.24578e-314,17.5,0.1212918359806188,0.8355966076641852,-0.008591356566217,3.0,0.562552,521.0,0.0762843806492614
39,39.0,39.0,39.0,39.0,39.0,39.0,168.0,22510.0,10.0,0.027387611555959,0.02,0.001,0.005595744,0.02,0.001,0.0084784,0.008,0.0004,0.001147,0.001147,0.0777183,0.0,0.784945,0.047659,0.004951,0.221608,42.3168,77.2786,26.5,1.44792,0.1,0.5792399999999999,0.04,-59.6367,11.80244419671393,12.703291193967997,0.0,0.0,0.0,0.0,0.0,0.0,0.0,0.0,0.0,0.0,0.0,0.0,0.0,0.0,0.0,0.0,0.0,0.0,3.0,5.0,1e-323,18.0,0.186832725330805,1.08509837977487,0.3470558812825028,3.0,0.276453,226.0,0.0102339257310967
40,40.0,40.0,40.0,40.0,40.0,40.0,73.0,39589.0,89.0,0.0483136812203078,0.02,0.001,0.0068422199999999,0.02,0.001,0.010367,0.008,0.0004,0.001279,0.001279,0.07910826,0.0,0.640606,0.043145,0.008728,0.179124,39.4158,61.6277,26.5,1.3062,0.1,0.52248,0.04,-56.4306,12.01902732914352,12.876286673869917,0.0,0.0,0.0,0.0,0.0,0.0,0.0,0.0,0.0,0.0,0.0,0.0,0.0,0.0,0.0,0.0,0.0,0.0,3.0,5.0,6.4836e-314,16.5,0.0348615106904905,3.1660549597670338,-1.12966557560905,0.0,0.0,396.0,0.069549981209136
41,41.0,41.0,41.0,41.0,41.0,41.0,196.0,29385.0,85.0,0.0450687764648237,0.02,0.001,0.002264724,0.02,0.001,0.0034314,0.008,0.0004,0.001215,0.001215,0.05845488,0.0,0.155552,0.063561,0.006196,0.307796,45.8005,30.1618,26.5,2.01072,0.1,0.80436,0.04,-58.2055,9.149916595993353,10.355227189997137,0.0,0.0,0.0,0.0,0.0,0.0,0.0,0.0,0.0,0.0,0.0,0.0,0.0,0.0,0.0,0.0,0.0,0.0,3.0,5.0,4.28613e-314,19.0,0.094734079824588,0.8547044989626471,0.0354665461053231,1.0,0.046283,294.0,0.1168733244910537
42,42.0,42.0,42.0,42.0,42.0,42.0,239.0,54171.0,71.0,0.0347522131072727,0.02,0.001,0.005781468,0.02,0.001,0.0087598,0.008,0.0004,0.002945,0.002945,0.05722398,0.0,0.757437,0.047023,0.008423,0.238566,37.1965,43.9126,26.5,0.4663199999999999,0.1,0.18648,0.04,-55.2576,9.30101165691668,10.5019699962775,0.0,0.0,0.0,0.0,0.0,0.0,0.0,0.0,0.0,0.0,0.0,0.0,0.0,0.0,0.0,0.0,0.0,0.0,3.0,5.0,4.25013e-314,17.0,0.2551930429600363,0.6842125529378563,0.3845225225913471,1.0,0.247097,542.0,0.0096527334420856
43,43.0,43.0,43.0,43.0,43.0,43.0,65.0,1637.0,37.0,0.0258413597323293,0.02,0.001,0.004381608,0.02,0.001,0.0066388,0.008,0.0004,0.003392,0.003392,0.06796614,0.0,0.775702,0.036539,0.007708,0.190411,37.6325,51.6385,26.5,0.12888,0.1,0.05148,0.04,-56.6463,8.108232681701141,9.292149565957345,0.0,0.0,0.0,0.0,0.0,0.0,0.0,0.0,0.0,0.0,0.0,0.0,0.0,0.0,0.0,0.0,0.0,0.0,3.0,5.0,6.44194e-314,20.0,0.0555996112502787,1.760447756732656,-0.6217116483870918,1.0,0.070577,17.0,0.5712402052849128
44,44.0,44.0,44.0,44.0,44.0,44.0,48.0,972.0,72.0,0.0581798079015025,0.02,0.001,0.000875028,0.02,0.001,0.0013258,0.008,0.0004,0.00083,0.00083,0.07844298,0.0,0.671788,0.039536,0.009775,0.159926,35.6932,45.2528,26.5,1.12332,0.1,0.44928,0.04,-55.5296,7.569570182992665,8.70382506042097,0.0,0.0,0.0,0.0,0.0,0.0,0.0,0.0,0.0,0.0,0.0,0.0,0.0,0.0,0.0,0.0,0.0,0.0,3.0,5.0,0.0,17.0,0.1445085339506019,1.4313599986629175,-0.5257292179711585,1.0,0.099615,10.0,0.1206927222962443
45,45.0,45.0,45.0,45.0,45.0,45.0,131.0,16262.0,62.0,0.0258677213517146,0.02,0.001,0.001883112,0.02,0.001,0.0028532,0.008,0.0004,0.00747,0.00747,0.08552016,0.0,0.524557,0.039445,0.00746,0.180893,39.5662,58.3178,26.5,0.1739999999999998,0.1,0.0696,0.04,-59.2568,5.077551676565495,5.563919416157683,0.0,0.0,0.0,0.0,0.0,0.0,0.0,0.0,0.0,0.0,0.0,0.0,0.0,0.0,0.0,0.0,0.0,0.0,3.0,5.0,0.0,18.5,0.1166896498719792,1.3687815557299334,-0.1260427033785496,2.0,0.271155,163.0,0.3466776054350446
46,46.0,46.0,46.0,46.0,46.0,46.0,171.0,20647.0,47.0,0.0359104350632575,0.02,0.001,0.005210436,0.02,0.001,0.0078946,0.008,0.0004,0.001179,0.001179,0.0692472,0.0,0.719629,0.027924,0.007195,0.230775,32.3816,56.2013,26.5,0.1279199999999999,0.1,0.05112,0.04,-59.8866,11.560207414166348,12.50682685023292,0.0,0.0,0.0,0.0,0.0,0.0,0.0,0.0,0.0,0.0,0.0,0.0,0.0,0.0,0.0,0.0,0.0,0.0,3.0,5.0,4.26923e-314,19.0,0.1919142684581168,1.1211841945089875,0.19105343997319,2.0,0.18756,207.0,0.1174900469677548
47,47.0,47.0,47.0,47.0,47.0,47.0,87.0,92546.0,46.0,0.0345415445882183,0.02,0.001,0.00212058,0.02,0.001,0.003213,0.008,0.0004,0.00096,0.00096,0.07475952,0.0,1.055,0.034956,0.008481,0.18164,32.3273,17.0538,26.5,1.89732,0.1,0.7588799999999999,0.04,-55.502,9.645425755879632,10.829952820650988,0.0,0.0,0.0,0.0,0.0,0.0,0.0,0.0,0.0,0.0,0.0,0.0,0.0,0.0,0.0,0.0,0.0,0.0,3.0,5.0,6.41132e-314,23.5,0.2407141385422043,1.126519650311608,1.0091428757405685,4.0,1.266268,926.0,0.1840227094955994
48,48.0,48.0,48.0,48.0,48.0,48.0,55.0,11886.0,86.0,0.0131646141833931,0.02,0.001,0.000401016,0.02,0.001,0.0006076,0.008,0.0004,0.002197,0.002197,0.07986132,0.0,0.861303,0.02983,0.007993,0.205287,27.8888,56.1018,26.5,0.11388,0.1,0.0456,0.04,-56.9198,4.803078593285348,5.171810414140238,0.0,0.0,0.0,0.0,0.0,0.0,0.0,0.0,0.0,0.0,0.0,0.0,0.0,0.0,0.0,0.0,0.0,0.0,3.0,5.0,6.43788e-314,24.5,0.1629387526526152,2.7846080381833844,-0.1124381561657548,3.0,0.331069,119.0,0.3723234168271805
49,49.0,49.0,49.0,49.0,49.0,49.0,8.0,55864.0,64.0,0.0357688085682347,0.02,0.001,0.003799488,0.02,0.001,0.0057568,0.008,0.0004,0.002897,0.002897,0.09090972,0.0,0.832509,0.046036,0.010998,0.233996,50.7487,26.948,26.5,0.081,0.1,0.0324,0.04,-57.7783,8.149888695984316,9.336491822934304,0.0,0.0,0.0,0.0,0.0,0.0,0.0,0.0,0.0,0.0,0.0,0.0,0.0,0.0,0.0,0.0,0.0,0.0,3.0,5.0,3.14384e-319,20.5,0.0922934771277733,1.5487585343183266,-0.3803883647754881,1.0,0.051684,559.0,0.0967982720735833
50,50.0,50.0,50.0,50.0,50.0,50.0,240.0,65085.0,85.0,0.0269457018951138,0.02,0.001,0.009086616,0.02,0.001,0.0137676,0.008,0.0004,0.004207,0.004207,0.0923769,0.0,0.469438,0.039782,0.007304,0.158764,37.1456,53.5085,26.5,0.159,0.1,0.0636,0.04,-56.4363,9.579877788851656,10.768214015426455,0.0,0.0,0.0,0.0,0.0,0.0,0.0,0.0,0.0,0.0,0.0,0.0,0.0,0.0,0.0,0.0,0.0,0.0,3.0,5.0,4.2481e-314,21.5,0.2722272051275883,1.047704028535145,0.8072356206235789,1.0,0.146926,651.0,0.0873895049172111
51,51.0,51.0,51.0,51.0,51.0,51.0,128.0,124878.0,78.0,0.0392519909108402,0.02,0.001,0.003121272,0.02,0.001,0.0047292,0.008,0.0004,0.001902,0.001902,0.11186208,0.0,0.594495,0.032391,0.009727,0.153913,46.4557,69.6188,26.5,0.16512,0.1,0.066,0.04,-58.7443,8.781238000044294,9.989522084052826,0.0,0.0,0.0,0.0,0.0,0.0,0.0,0.0,0.0,0.0,0.0,0.0,0.0,0.0,0.0,0.0,0.0,0.0,3.0,5.0,6.48168e-314,23.0,0.3094382419944905,1.555894842891368,0.6155555149094158,2.0,0.7863410000000001,1249.0,0.1363390656939436
52,52.0,52.0,52.0,52.0,52.0,52.0,68.0,25071.0,71.0,0.0376711654448912,0.02,0.001,0.00197736,0.02,0.001,0.002996,0.008,0.0004,0.000796,0.000796,0.08001444,0.0,0.292935,0.042984,0.00681,0.248675,36.0381,50.1936,26.5,0.09132,0.1,0.03648,0.04,-59.0632,9.986826484522197,11.146508427188952,0.0,0.0,0.0,0.0,0.0,0.0,0.0,0.0,0.0,0.0,0.0,0.0,0.0,0.0,0.0,0.0,0.0,0.0,3.0,5.0,4.26177e-314,21.0,0.0843589825832732,1.4448266811142387,-0.1594567224895845,1.0,0.051963,251.0,0.2560936013768364
53,53.0,53.0,53.0,53.0,53.0,53.0,199.0,76472.0,72.0,0.043184166547857,0.02,0.001,0.009086616,0.02,0.001,0.0137676,0.008,0.0004,0.004207,0.004207,0.08159382,0.0,0.68138,0.029827,0.009337,0.208128,24.2291,32.975,26.5,0.1291199999999998,0.1,0.0516,0.04,-58.4831,9.579877788851656,10.768214015426455,0.0,0.0,0.0,0.0,0.0,0.0,0.0,0.0,0.0,0.0,0.0,0.0,0.0,0.0,0.0,0.0,0.0,0.0,3.0,5.0,0.0,20.5,0.2376116391088348,1.4054594538133842,-0.0601634565206807,1.0,0.35441,765.0,0.118938336877483
54,54.0,54.0,54.0,54.0,54.0,54.0,229.0,42495.0,95.0,0.0370439823473962,0.02,0.001,0.002322012,0.02,0.001,0.0035182,0.008,0.0004,0.006249,0.006249,0.07030914,0.0,0.700664,0.046757,0.008013,0.234018,36.9777,57.7498,26.5,0.1137599999999998,0.1,0.04548,0.04,-57.0463,5.526332060625512,6.185081585874108,0.0,0.0,0.0,0.0,0.0,0.0,0.0,0.0,0.0,0.0,0.0,0.0,0.0,0.0,0.0,0.0,0.0,0.0,3.0,5.0,6.47938e-314,21.0,0.1330381136558349,1.5109175141030702,-0.3251509150289795,1.0,0.199903,425.0,0.1451200666466547
55,55.0,55.0,55.0,55.0,55.0,55.0,85.0,124199.0,99.0,0.0316872005203344,0.02,0.001,0.00055902,0.02,0.001,0.000847,0.008,0.0004,0.00242,0.00242,0.07871094,0.0,0.714793,0.050899,0.006257,0.19332,34.1972,57.3209,26.5,0.76968,0.1,0.3077999999999999,0.04,-56.705,4.995345681081405,5.447428310423557,0.0,0.0,0.0,0.0,0.0,0.0,0.0,0.0,0.0,0.0,0.0,0.0,0.0,0.0,0.0,0.0,0.0,0.0,3.0,5.0,2.16073e-314,22.5,0.2570502370960266,1.6785701123194203,0.5292269699211475,1.0,0.206312,1242.0,0.3030575307532379
56,56.0,56.0,56.0,56.0,56.0,56.0,115.0,51217.0,17.0,0.0276849932984922,0.02,0.001,0.00456918,0.02,0.001,0.006923,0.008,0.0004,0.000484,0.000484,0.08673588,0.0,0.474072,0.036197,0.013643,0.24902,44.0942,50.6271,26.5,0.1302,0.1,0.05208,0.04,-54.881,13.141067552796306,13.734959256656067,0.0,0.0,0.0,0.0,0.0,0.0,0.0,0.0,0.0,0.0,0.0,0.0,0.0,0.0,0.0,0.0,0.0,0.0,3.0,5.0,0.0,23.5,0.0860290507424543,1.4808446800429629,-0.182551040802524,1.0,0.094694,513.0,0.765405861579642
57,57.0,57.0,57.0,57.0,57.0,57.0,145.0,121863.0,63.0,0.036253239258864,0.02,0.001,0.001186416,0.02,0.001,0.0017976,0.008,0.0004,0.006092,0.006092,0.09183768,0.0,0.173453,0.016026,0.013074,0.21531,32.8033,42.4009,26.5,0.1764,0.1,0.07056,0.04,-57.1115,4.851987584772525,5.242335402138221,0.0,0.0,0.0,0.0,0.0,0.0,0.0,0.0,0.0,0.0,0.0,0.0,0.0,0.0,0.0,0.0,0.0,0.0,3.0,5.0,6.41624e-314,21.5,0.2796753797018735,1.752344949732385,0.9157010376050116,1.0,0.570156,1219.0,0.1035811201130173
58,58.0,58.0,58.0,58.0,58.0,58.0,215.0,79985.0,85.0,0.0418159694337337,0.02,0.001,0.003873408,0.02,0.001,0.0058688,0.008,0.0004,0.000601,0.000601,0.09458592,0.0,0.708161,0.048404,0.010053,0.232016,54.7636,52.0571,26.5,1.2317999999999998,0.1,0.49272,0.04,-55.5915,12.427845888276998,13.196239081293076,0.0,0.0,0.0,0.0,0.0,0.0,0.0,0.0,0.0,0.0,0.0,0.0,0.0,0.0,0.0,0.0,0.0,0.0,3.0,5.0,4.28417e-314,24.0,0.2834478688278812,2.8072082229554622,0.6108692930639612,2.0,0.68435,800.0,0.1650289320120719
59,59.0,59.0,59.0,59.0,59.0,59.0,57.0,42382.0,82.0,0.027004478041973,0.02,0.001,0.001001616,0.02,0.001,0.0015176,0.008,0.0004,0.003026,0.003026,0.06825588,0.0,0.655649,0.037641,0.006003,0.193985,32.3078,38.254,26.5,1.2751199999999998,0.1,0.51,0.04,-58.3094,5.377188332864161,5.981453402482382,0.0,0.0,0.0,0.0,0.0,0.0,0.0,0.0,0.0,0.0,0.0,0.0,0.0,0.0,0.0,0.0,0.0,0.0,3.0,5.0,6.43609e-314,23.0,0.1472252287223521,1.5398161252864535,-0.093438357472583,3.0,0.542593,424.0,0.2727522749431366
60,60.0,60.0,60.0,60.0,60.0,60.0,83.0,21315.0,15.0,0.0393428548105838,0.02,0.001,0.000998844,0.02,0.001,0.0015134,0.008,0.0004,0.000816,0.000816,0.0723096,0.0,0.648212,0.029583,0.004924,0.195508,34.9521,42.5006,26.5,1.566,0.1,0.6263999999999998,0.04,-58.9818,7.962126973243235,9.135339198969817,0.0,0.0,0.0,0.0,0.0,0.0,0.0,0.0,0.0,0.0,0.0,0.0,0.0,0.0,0.0,0.0,0.0,0.0,3.0,5.0,0.0,24.0,0.1720689016273245,1.7172847256870876,0.0430588727866305,4.0,0.519732,214.0,0.2819163349857607
61,61.0,61.0,61.0,61.0,61.0,61.0,177.0,119700.0,0.0,0.0625995586214313,0.02,0.001,0.002890272,0.02,0.001,0.0043792,0.008,0.0004,0.003176,0.003176,0.09582342,0.0,0.737116,0.039815,0.010007,0.22361,36.4755,60.8161,26.5,1.35744,0.1,0.5429999999999999,0.04,-58.2973,7.2042632036201155,8.28827169990811,0.0,0.0,0.0,0.0,0.0,0.0,0.0,0.0,0.0,0.0,0.0,0.0,0.0,0.0,0.0,0.0,0.0,0.0,3.0,5.0,6.4691e-314,22.0,0.2942137465696605,1.276581441387966,1.0089290075115644,3.0,1.329068,1198.0,0.0253942215797151
62,62.0,62.0,62.0,62.0,62.0,62.0,105.0,87511.0,11.0,0.0266524562565757,0.02,0.001,0.000862092,0.02,0.001,0.0013062,0.008,0.0004,0.004022,0.004022,0.09025896,0.0,0.745598,0.035816,0.009356,0.215105,38.6305,71.1699,26.5,1.29288,0.1,0.5172,0.04,-60.4902,4.929798004340424,5.35395731482095,0.0,0.0,0.0,0.0,0.0,0.0,0.0,0.0,0.0,0.0,0.0,0.0,0.0,0.0,0.0,0.0,0.0,0.0,3.0,5.0,4.24399e-314,20.5,0.1059950941046575,1.4697839229434122,-0.1948535898586151,1.0,0.296897,876.0,0.7189671490631966
63,63.0,63.0,63.0,63.0,63.0,63.0,84.0,127005.0,5.0,0.0244325047257438,0.02,0.001,0.00193116,0.02,0.001,0.002926,0.008,0.0004,0.007687,0.007687,0.08800968,0.0,0.186576,0.032667,0.01237,0.230148,44.0754,77.2903,26.5,0.0440399999999998,0.1,0.01764,0.04,-57.9234,5.074194347603272,5.559178016977674,0.0,0.0,0.0,0.0,0.0,0.0,0.0,0.0,0.0,0.0,0.0,0.0,0.0,0.0,0.0,0.0,0.0,0.0,3.0,5.0,0.0,22.0,0.132859906548268,1.0503925806471106,-0.0416977022472413,3.0,1.0374560000000002,1271.0,0.249125745212017
64,64.0,64.0,64.0,64.0,64.0,64.0,34.0,66402.0,2.0,0.0669353634073627,0.02,0.001,0.00343728,0.02,0.001,0.005208,0.008,0.0004,0.000887,0.000887,0.13160796,0.0,0.697961,0.043449,0.004988,0.116859,47.9974,33.1802,26.5,0.0778799999999998,0.1,0.0310799999999999,0.04,-58.9593,11.22337448132366,12.228221758513772,0.0,0.0,0.0,0.0,0.0,0.0,0.0,0.0,0.0,0.0,0.0,0.0,0.0,0.0,0.0,0.0,0.0,0.0,3.0,5.0,0.0,24.0,0.1685231045542306,1.4327673761885136,0.2504689209474665,1.0,0.220953,665.0,0.3990539296554431
65,65.0,65.0,65.0,65.0,65.0,65.0,244.0,64254.0,54.0,0.0441208706050521,0.02,0.001,0.00171402,0.02,0.001,0.002597,0.008,0.0004,0.001575,0.001575,0.07163838,0.0,0.65622,0.037975,0.005481,0.308398,31.2118,57.0492,26.5,0.11496,0.1,0.04596,0.04,-59.6363,7.651319552989067,8.794941949275438,0.0,0.0,0.0,0.0,0.0,0.0,0.0,0.0,0.0,0.0,0.0,0.0,0.0,0.0,0.0,0.0,0.0,0.0,3.0,5.0,6.44833e-314,29.5,0.0988989242895992,1.7662774145453493,0.0856113277437146,3.0,0.7383299999999999,643.0,1.5489918855033085
66,66.0,66.0,66.0,66.0,66.0,66.0,116.0,88739.0,39.0,0.0329597820735435,0.02,0.001,0.002322012,0.02,0.001,0.0035182,0.008,0.0004,0.003514,0.003514,0.0708279,0.0,0.994288,0.015185,0.006955,0.220994,22.6642,50.5146,26.5,1.05432,0.1,0.4218,0.04,-57.5609,6.494009221750425,7.438773159072988,0.0,0.0,0.0,0.0,0.0,0.0,0.0,0.0,0.0,0.0,0.0,0.0,0.0,0.0,0.0,0.0,0.0,0.0,3.0,5.0,6.41383e-314,27.5,0.2910103802419589,2.1657042391067858,0.5813622478856836,1.0,0.328337,888.0,0.9496670296811116
67,67.0,67.0,67.0,67.0,67.0,67.0,173.0,97522.0,22.0,0.0251678166562858,0.02,0.001,0.006296136,0.02,0.001,0.0095396,0.008,0.0004,0.004,0.004,0.09225348,0.0,0.632139,0.022363,0.006718,0.175432,37.5578,60.8301,26.5,1.01112,0.1,0.4044,0.04,-58.9984,8.661781495573988,9.868623181362933,0.0,0.0,0.0,0.0,0.0,0.0,0.0,0.0,0.0,0.0,0.0,0.0,0.0,0.0,0.0,0.0,0.0,0.0,3.0,5.0,6.43661e-314,29.0,0.2391638606107662,2.043736652343504,0.4819594231784854,2.0,0.686975,976.0,0.6997135356217953
68,68.0,68.0,68.0,68.0,68.0,68.0,13.0,84656.0,56.0,0.0596688205092476,0.02,0.001,0.002652804,0.02,0.001,0.0040194,0.008,0.0004,0.003891,0.003891,0.0706893,0.0,0.673192,0.034349,0.007232,0.236506,44.8273,53.3471,26.5,0.0528,0.1,0.0211199999999998,0.04,-57.8994,6.558000163520832,7.517667280288597,0.0,0.0,0.0,0.0,0.0,0.0,0.0,0.0,0.0,0.0,0.0,0.0,0.0,0.0,0.0,0.0,0.0,0.0,3.0,5.0,6.44903e-314,25.5,0.1776112049109187,1.229438922232962,0.283785196723573,2.0,0.836254,847.0,0.0570910498305433
69,69.0,69.0,69.0,69.0,69.0,69.0,144.0,25529.0,29.0,0.0421892445969136,0.02,0.001,0.007912212,0.02,0.001,0.0119882,0.008,0.0004,0.001556,0.001556,0.06081636,0.0,1.08173,0.030957,0.007221,0.228958,46.8924,83.0159,26.5,0.4379999999999999,0.1,0.1751999999999998,0.04,-57.5428,11.900930955928956,12.782264241886818,0.0,0.0,0.0,0.0,0.0,0.0,0.0,0.0,0.0,0.0,0.0,0.0,0.0,0.0,0.0,0.0,0.0,0.0,3.0,5.0,6.47656e-314,28.0,0.0880402512654074,1.5691484671960785,0.1277730747399664,1.0,0.055982,256.0,0.6727515154309173
70,70.0,70.0,70.0,70.0,70.0,70.0,60.0,29894.0,94.0,0.0463465455531178,0.02,0.001,0.004787244,0.02,0.001,0.0072534,0.008,0.0004,0.004787,0.004787,0.07335042,0.0,0.779131,0.048774,0.005772,0.274654,46.0792,58.8911,26.5,0.1136399999999999,0.1,0.04548,0.04,-57.7263,7.4359071266572885,8.553384721134018,0.0,0.0,0.0,0.0,0.0,0.0,0.0,0.0,0.0,0.0,0.0,0.0,0.0,0.0,0.0,0.0,0.0,0.0,3.0,5.0,6.47643e-314,25.5,0.08470739830517,1.622663993062019,0.1048035812466567,2.0,0.132384,299.0,0.7953408784918385
71,71.0,71.0,71.0,71.0,71.0,71.0,230.0,19032.0,32.0,0.0363593087725445,0.02,0.001,0.002959572,0.02,0.001,0.0044842,0.008,0.0004,0.00581,0.00581,0.11013948,0.0,1.10455,0.030617,0.009014,0.14535,40.275,86.7534,26.5,0.07284,0.1,0.02916,0.04,-55.9748,6.007941421103094,6.8234959417447,0.0,0.0,0.0,0.0,0.0,0.0,0.0,0.0,0.0,0.0,0.0,0.0,0.0,0.0,0.0,0.0,0.0,0.0,3.0,5.0,4.11e-321,30.0,0.0831276736911682,2.156667791722867,0.078459133085241,3.0,0.32051,191.0,0.0757058316632592
72,72.0,72.0,72.0,72.0,72.0,72.0,246.0,126447.0,47.0,0.0498429267094371,0.02,0.001,0.0026537279999999,0.02,0.001,0.0040208,0.008,0.0004,0.005383,0.005383,0.08959434,0.0,1.23301,0.0209,0.005157,0.221316,40.2611,37.9809,26.5,0.1657199999999999,0.1,0.06624,0.04,-58.5018,5.952591172272423,6.751600993282125,0.0,0.0,0.0,0.0,0.0,0.0,0.0,0.0,0.0,0.0,0.0,0.0,0.0,0.0,0.0,0.0,0.0,0.0,3.0,5.0,4.26564e-314,30.0,0.2537604803081758,1.8984620361909623,0.358218378512841,2.0,0.791024,1265.0,0.3609436327544626
73,73.0,73.0,73.0,73.0,73.0,73.0,249.0,8791.0,91.0,0.0433610417181941,0.02,0.001,0.003500112,0.02,0.001,0.0053032,0.008,0.0004,0.001549,0.001549,0.07674348,0.0,0.818118,0.034941,0.005877,0.214867,46.6266,56.8974,26.5,1.1748,0.1,0.46992,0.04,-58.1447,9.711548982520068,10.891915386931007,0.0,0.0,0.0,0.0,0.0,0.0,0.0,0.0,0.0,0.0,0.0,0.0,0.0,0.0,0.0,0.0,0.0,0.0,3.0,5.0,4.26367e-314,31.0,0.0952678970825941,2.2702566009648293,-0.3599925656607902,1.0,0.082555,88.0,0.5355910607726166
74,74.0,74.0,74.0,74.0,74.0,74.0,75.0,93708.0,8.0,0.032864131161782,0.02,0.001,0.008054508,0.02,0.001,0.0122038,0.008,0.0004,0.002409,0.002409,0.09276234,0.0,0.584407,0.024945,0.006876,0.206136,49.0341,44.5112,26.5,1.09824,0.1,0.4393199999999999,0.04,-57.4807,10.827192623462023,11.892084917703599,0.0,0.0,0.0,0.0,0.0,0.0,0.0,0.0,0.0,0.0,0.0,0.0,0.0,0.0,0.0,0.0,0.0,0.0,3.0,5.0,0.0,32.0,0.3154373125617935,2.395574695419638,0.8845138966676257,1.0,0.482783,938.0,0.7220315833329639
75,75.0,75.0,75.0,75.0,75.0,75.0,133.0,16929.0,29.0,0.0317992278419922,0.02,0.001,0.001440516,0.02,0.001,0.0021826,0.008,0.0004,0.004259,0.004259,0.09901452,0.0,0.826401,0.048194,0.005129,0.206697,42.8819,25.4254,26.5,1.44852,0.1,0.5793599999999999,0.04,-58.1414,5.403990820596091,6.018254080703854,0.0,0.0,0.0,0.0,0.0,0.0,0.0,0.0,0.0,0.0,0.0,0.0,0.0,0.0,0.0,0.0,0.0,0.0,3.0,5.0,6.43667e-314,32.0,0.1451101826034929,2.027685076413781,0.1666253883008864,1.0,0.09208,170.0,0.6370641599813553
76,76.0,76.0,76.0,76.0,76.0,76.0,194.0,99415.0,15.0,0.0413254071691472,0.02,0.001,0.006042036,0.02,0.001,0.0091546,0.008,0.0004,0.004953,0.004953,0.08518818,0.0,0.726824,0.045847,0.003711,0.183075,56.2391,66.5151,26.5,0.1062,0.1,0.0424799999999998,0.04,-54.7356,7.95287429059303,9.125340681993032,0.0,0.0,0.0,0.0,0.0,0.0,0.0,0.0,0.0,0.0,0.0,0.0,0.0,0.0,0.0,0.0,0.0,0.0,3.0,5.0,0.0,32.0,0.2325673658268328,1.92399400262828,2.23208251074186,2.0,0.356736,995.0,0.2906389407158214
77,77.0,77.0,77.0,77.0,77.0,77.0,79.0,20578.0,78.0,0.0525778486639116,0.02,0.001,0.000709632,0.02,0.001,0.0010752,0.008,0.0004,0.003056,0.003056,0.08590296,0.0,0.513414,0.032261,0.008408,0.211527,40.9378,29.8863,26.5,0.95856,0.1,0.3833999999999999,0.04,-54.6045,5.0000838393018965,5.454164879213729,0.0,0.0,0.0,0.0,0.0,0.0,0.0,0.0,0.0,0.0,0.0,0.0,0.0,0.0,0.0,0.0,0.0,0.0,3.0,5.0,6.48101e-314,32.5,0.1368009224976859,2.4530725439727017,-0.0876444544208026,1.0,0.087791,206.0,0.5136713742257065
78,78.0,78.0,78.0,78.0,78.0,78.0,47.0,17076.0,76.0,0.0577291978197736,0.02,0.001,0.001803648,0.02,0.001,0.0027328,0.008,0.0004,0.000745,0.000745,0.0733458,0.0,0.759878,0.02339,0.009194,0.199295,49.0899,55.7066,26.5,0.13884,0.1,0.05556,0.04,-54.2456,9.912243992089488,11.078058562826474,0.0,0.0,0.0,0.0,0.0,0.0,0.0,0.0,0.0,0.0,0.0,0.0,0.0,0.0,0.0,0.0,0.0,0.0,3.0,5.0,6.47367e-314,30.5,0.107238376002209,1.4407157901536876,0.0215694124514613,2.0,0.20305,171.0,0.0078918643938788
79,79.0,79.0,79.0,79.0,79.0,79.0,245.0,17719.0,19.0,0.0468033306295312,0.02,0.001,0.0026759039999999,0.02,0.001,0.0040544,0.008,0.0004,0.003056,0.003056,0.07073022,0.0,0.795001,0.022776,0.010227,0.268047,36.3159,29.2865,26.5,0.8734799999999999,0.1,0.34944,0.04,-56.4465,7.112387654825671,8.181542470806214,0.0,0.0,0.0,0.0,0.0,0.0,0.0,0.0,0.0,0.0,0.0,0.0,0.0,0.0,0.0,0.0,0.0,0.0,3.0,5.0,6.43505e-314,32.0,0.0703407428098259,2.407766276706709,-0.043227408292396,1.0,0.105759,178.0,0.1267856710906382
80,80.0,80.0,80.0,80.0,80.0,80.0,170.0,129322.0,22.0,0.0269663855503098,0.02,0.001,0.006388536,0.02,0.001,0.0096796,0.008,0.0004,0.006302,0.006302,0.10877196,0.0,0.81262,0.031257,0.00352,0.146283,48.0722,14.7477,26.5,1.21836,0.1,0.48732,0.04,-57.6224,7.470047198631891,8.591984054152613,0.0,0.0,0.0,0.0,0.0,0.0,0.0,0.0,0.0,0.0,0.0,0.0,0.0,0.0,0.0,0.0,0.0,0.0,3.0,5.0,6.4397e-314,33.0,0.2392572345372156,1.7880061439552613,0.5703740513712177,1.0,0.477559,1294.0,0.479386190081753
81,81.0,81.0,81.0,81.0,81.0,81.0,132.0,119289.0,89.0,0.0259251813926981,0.02,0.001,0.004807572,0.02,0.001,0.0072842,0.008,0.0004,0.004993,0.004993,0.09017976,0.0,0.502742,0.049588,0.006761,0.275949,26.7491,63.6767,26.5,0.18048,0.1,0.07224,0.04,-55.8405,7.3416997294327695,8.446245736848102,0.0,0.0,0.0,0.0,0.0,0.0,0.0,0.0,0.0,0.0,0.0,0.0,0.0,0.0,0.0,0.0,0.0,0.0,3.0,5.0,6.44485e-314,32.5,0.2045055192106342,2.689369749618939,0.5370644930032489,2.0,0.555882,1193.0,0.2528287999129441
82,82.0,82.0,82.0,82.0,82.0,82.0,184.0,59439.0,39.0,0.0475715172634912,0.02,0.001,0.00320628,0.02,0.001,0.004858,0.008,0.0004,0.004276,0.004276,0.09355962,0.0,0.404357,0.070625,0.004126,0.331394,37.1422,19.0444,26.5,0.16332,0.1,0.06528,0.04,-59.0911,6.76000581033453,7.763595175424905,0.0,0.0,0.0,0.0,0.0,0.0,0.0,0.0,0.0,0.0,0.0,0.0,0.0,0.0,0.0,0.0,0.0,0.0,3.0,5.0,6.48381e-314,32.5,0.0685536210506779,1.786360669311127,-0.242806862930911,4.0,0.865813,595.0,0.8969086100815372
83,83.0,83.0,83.0,83.0,83.0,83.0,67.0,59628.0,28.0,0.0351814248013206,0.02,0.001,0.001092168,0.02,0.001,0.0016548,0.008,0.0004,0.007741,0.007741,0.03969504,0.0,0.759276,0.028552,0.004413,0.338173,42.588,34.5166,26.5,0.11868,0.1,0.0474,0.04,-56.8612,4.6351081533436505,4.927532171226801,0.0,0.0,0.0,0.0,0.0,0.0,0.0,0.0,0.0,0.0,0.0,0.0,0.0,0.0,0.0,0.0,0.0,0.0,3.0,5.0,4.82e-321,36.5,0.0687414592099577,2.3996684330449494,0.1300465218943141,2.0,0.377051,597.0,0.785407104650156
84,84.0,84.0,84.0,84.0,84.0,84.0,149.0,133206.0,6.0,0.0324525983466422,0.02,0.001,0.000765996,0.02,0.001,0.0011606,0.008,0.0004,0.003182,0.003182,0.1129854,0.0,0.704211,0.056426,0.008271,0.288516,35.3123,75.6581,26.5,0.07536,0.1,0.0301199999999998,0.04,-56.7642,5.033373944067708,5.5014190248923205,0.0,0.0,0.0,0.0,0.0,0.0,0.0,0.0,0.0,0.0,0.0,0.0,0.0,0.0,0.0,0.0,0.0,0.0,3.0,5.0,0.0,40.0,0.2374688525035017,2.52987380277632,0.693476550010381,2.0,0.934455,1333.0,1.005138645527311
85,85.0,85.0,85.0,85.0,85.0,85.0,88.0,131923.0,23.0,0.0529637834328899,0.02,0.001,0.004135824,0.02,0.001,0.0062664,0.008,0.0004,0.003199,0.003199,0.11964414,0.0,0.252425,0.04603,0.006979,0.269588,47.8815,64.0234,26.5,1.35288,0.1,0.54108,0.04,-57.0765,8.110564633851427,9.294636151751797,0.0,0.0,0.0,0.0,0.0,0.0,0.0,0.0,0.0,0.0,0.0,0.0,0.0,0.0,0.0,0.0,0.0,0.0,3.0,5.0,6.40217e-314,40.0,0.1894289902242814,2.744689271991837,0.2425400788959296,1.0,0.360649,1320.0,0.3636147283427406
86,86.0,86.0,86.0,86.0,86.0,86.0,0.0,19732.0,32.0,0.0421700775276818,0.02,0.001,0.004491564,0.02,0.001,0.0068054,0.008,0.0004,0.00043,0.00043,0.10457634,0.0,0.723412,0.026271,0.007702,0.233534,49.2477,71.356,26.5,1.15776,0.1,0.46308,0.04,-58.0718,13.302417562797855,13.853582800575891,0.0,0.0,0.0,0.0,0.0,0.0,0.0,0.0,0.0,0.0,0.0,0.0,0.0,0.0,0.0,0.0,0.0,0.0,3.0,5.0,4.11e-321,39.5,0.0766715227168098,3.644332199135401,-0.2227973154527783,1.0,0.08431,198.0,0.5343612712707303
87,87.0,87.0,87.0,87.0,87.0,87.0,7.0,30834.0,34.0,0.0556962009341552,0.02,0.001,0.00260568,0.02,0.001,0.003948,0.008,0.0004,0.001984,0.001984,0.10691934,0.0,0.533261,0.017662,0.006696,0.267969,48.4125,47.0551,26.5,0.0486,0.1,0.01944,0.04,-57.7648,8.153702544209814,9.340543584611344,0.0,0.0,0.0,0.0,0.0,0.0,0.0,0.0,0.0,0.0,0.0,0.0,0.0,0.0,0.0,0.0,0.0,0.0,3.0,5.0,6.47436e-314,43.5,0.0595513429711684,3.1161714535005176,-0.2500089866592993,3.0,0.326999,309.0,3.974983415489596
88,88.0,88.0,88.0,88.0,88.0,88.0,175.0,118040.0,40.0,0.041482485009491,0.02,0.001,0.002486484,0.02,0.001,0.0037674,0.008,0.0004,0.000959,0.000959,0.0818928,0.0,0.385039,0.01836,0.002122,0.261265,54.5383,61.9532,26.5,0.11436,0.1,0.04572,0.04,-58.0207,10.110459334298092,11.259127431631478,0.0,0.0,0.0,0.0,0.0,0.0,0.0,0.0,0.0,0.0,0.0,0.0,0.0,0.0,0.0,0.0,0.0,0.0,3.0,5.0,6.44043e-314,41.5,0.1824617230482969,3.010667342300574,0.3768542096945579,1.0,0.456195,1181.0,0.8904517805949197
89,89.0,89.0,89.0,89.0,89.0,89.0,32.0,118040.0,40.0,0.0346465606119561,0.02,0.001,0.002153844,0.02,0.001,0.0032634,0.008,0.0004,0.008863,0.008863,0.0818928,0.0,0.385039,0.01836,0.002122,0.261265,54.5383,61.9532,26.5,0.11436,0.1,0.04572,0.04,-58.0207,5.042288436512931,5.514049975852395,0.0,0.0,0.0,0.0,0.0,0.0,0.0,0.0,0.0,0.0,0.0,0.0,0.0,0.0,0.0,0.0,0.0,0.0,3.0,5.0,6.44043e-314,41.5,0.1824617230482969,3.010667342300574,0.3768542096945579,1.0,0.456195,1181.0,1.2794491236200032
90,90.0,90.0,90.0,90.0,90.0,90.0,29.0,30834.0,34.0,0.0405627595396467,0.02,0.001,0.003212748,0.02,0.001,0.0048678,0.008,0.0004,0.001078,0.001078,0.10691934,0.0,0.533261,0.017662,0.006696,0.267969,48.4125,47.0551,26.5,0.0486,0.1,0.01944,0.04,-57.7648,10.507475386433452,11.613830469853959,0.0,0.0,0.0,0.0,0.0,0.0,0.0,0.0,0.0,0.0,0.0,0.0,0.0,0.0,0.0,0.0,0.0,0.0,3.0,5.0,6.47436e-314,43.5,0.0595513429711684,3.1161714535005176,-0.2500089866592993,3.0,0.326999,309.0,1.8548814497667747
91,91.0,91.0,91.0,91.0,91.0,91.0,130.0,117968.0,68.0,0.0503910941267303,0.02,0.001,0.001280664,0.02,0.001,0.0019404,0.008,0.0004,0.006802,0.006802,0.09267588,0.0,0.647155,0.018751,0.00592,0.249149,30.5943,36.6235,26.5,0.8321999999999999,0.1,0.33288,0.04,-54.9274,4.826121139410341,5.205071528456931,0.0,0.0,0.0,0.0,0.0,0.0,0.0,0.0,0.0,0.0,0.0,0.0,0.0,0.0,0.0,0.0,0.0,0.0,3.0,5.0,0.0,43.0,0.2086257579964538,3.3817687577219364,0.6280674496845148,2.0,0.745107,1180.0,0.0308219769328872
92,92.0,92.0,92.0,92.0,92.0,92.0,38.0,56721.0,21.0,0.0302357162481137,0.02,0.001,0.000911988,0.02,0.001,0.0013818,0.008,0.0004,0.002959,0.002959,0.08024742,0.0,1.11313,0.034328,0.004248,0.261319,41.9075,43.1078,26.5,0.95028,0.1,0.38016,0.04,-57.0352,5.291932745822973,5.863793737610766,0.0,0.0,0.0,0.0,0.0,0.0,0.0,0.0,0.0,0.0,0.0,0.0,0.0,0.0,0.0,0.0,0.0,0.0,3.0,5.0,4.28122e-314,43.0,0.2467094223085079,3.942128612041759,0.3233810937975055,1.0,0.192496,568.0,0.6944170819787014
93,93.0,93.0,93.0,93.0,93.0,93.0,74.0,28050.0,50.0,0.027449713242046,0.02,0.001,0.004798332,0.02,0.001,0.0072702,0.008,0.0004,0.002016,0.002016,0.08646462,0.0,0.505387,0.003971,0.003638,0.236606,35.9801,84.8582,26.5,0.16764,0.1,0.06708,0.04,-57.2207,9.862800649825159,11.032465902743526,0.0,0.0,0.0,0.0,0.0,0.0,0.0,0.0,0.0,0.0,0.0,0.0,0.0,0.0,0.0,0.0,0.0,0.0,3.0,5.0,4.28503e-314,47.0,0.064768454020247,3.3994582458594382,0.1019253771532071,4.0,0.386341,281.0,1.511057950124905
94,94.0,94.0,94.0,94.0,94.0,94.0,5.0,100291.0,91.0,0.0285389563060287,0.02,0.001,0.002857932,0.02,0.001,0.0043302,0.008,0.0004,0.000731,0.000731,0.09506838,0.0,1.42604,0.046807,0.00492,0.360487,48.4372,19.2787,26.5,0.19572,0.1,0.07836,0.04,-55.1491,11.246557586067018,12.247604480824986,0.0,0.0,0.0,0.0,0.0,0.0,0.0,0.0,0.0,0.0,0.0,0.0,0.0,0.0,0.0,0.0,0.0,0.0,3.0,5.0,4.24996e-314,46.0,0.457842148482018,4.344182195413319,2.074611809429565,2.0,0.563183,1003.0,7.621146652271758
95,95.0,95.0,95.0,95.0,95.0,95.0,238.0,26520.0,20.0,0.0231970202800301,0.02,0.001,0.001047816,0.02,0.001,0.0015876,0.008,0.0004,0.003553,0.003553,0.09109584,0.0,0.636181,0.024759,0.003806,0.300513,47.771,32.9172,26.5,1.18428,0.1,0.47376,0.04,-58.2612,5.241708920596479,5.794053988295668,0.0,0.0,0.0,0.0,0.0,0.0,0.0,0.0,0.0,0.0,0.0,0.0,0.0,0.0,0.0,0.0,0.0,0.0,3.0,5.0,6.47098e-314,53.5,0.0689942432579516,3.18614377365514,-0.113292180104619,1.0,0.053291,266.0,10.302219548349134
96,96.0,96.0,96.0,96.0,96.0,96.0,39.0,61033.0,33.0,0.0107224875548822,0.02,0.001,0.004351116,0.02,0.001,0.0065926,0.008,0.0004,0.000966,0.000966,0.11586696,0.0,0.670649,0.028634,0.008212,0.289875,35.9476,85.1163,26.5,0.17712,0.1,0.07092,0.04,-55.0532,11.607603154503913,12.545518886196666,0.0,0.0,0.0,0.0,0.0,0.0,0.0,0.0,0.0,0.0,0.0,0.0,0.0,0.0,0.0,0.0,0.0,0.0,3.0,5.0,6.47963e-314,51.0,0.0478350131887942,4.170507715602191,-0.1916858745625423,1.0,0.089422,611.0,0.0774027578475705
97,97.0,97.0,97.0,97.0,97.0,97.0,103.0,59288.0,88.0,0.0354674680938958,0.02,0.001,0.005660424,0.02,0.001,0.0085764,0.008,0.0004,0.000972,0.000972,0.10153242,0.0,0.792337,0.03906,0.001713,0.261304,48.1723,38.9807,26.5,0.0998399999999999,0.1,0.03996,0.04,-56.4593,12.210164558197727,13.026929116796664,0.0,0.0,0.0,0.0,0.0,0.0,0.0,0.0,0.0,0.0,0.0,0.0,0.0,0.0,0.0,0.0,0.0,0.0,3.0,5.0,6.4722e-314,56.0,0.0569602269311784,3.7518484206960734,-0.1031413131766401,2.0,0.415612,593.0,6.14310629514372
98,98.0,98.0,98.0,98.0,98.0,98.0,95.0,66604.0,4.0,0.0582277309312585,0.02,0.001,0.002974356,0.02,0.001,0.0045066,0.008,0.0004,0.012801,0.012801,0.0960795,0.0,0.934044,0.048495,0.010045,0.266967,47.3727,45.5799,26.5,0.08352,0.1,0.03336,0.04,-58.209,5.000647738460206,5.454966433029268,0.0,0.0,0.0,0.0,0.0,0.0,0.0,0.0,0.0,0.0,0.0,0.0,0.0,0.0,0.0,0.0,0.0,0.0,3.0,5.0,0.0,24.0,0.2008151291807409,1.7889746036604373,0.3060637153122225,1.0,0.124981,667.0,0.2052150432162365
99,99.0,99.0,99.0,99.0,99.0,99.0,99.0,93708.0,8.0,0.0381281211776275,0.02,0.001,0.00421344,0.02,0.001,0.006384,0.008,0.0004,0.004858,0.004858,0.09276234,0.0,0.584407,0.024945,0.006876,0.206136,49.0341,44.5112,26.5,1.09824,0.1,0.4393199999999999,0.04,-57.4807,7.089935985310602,8.155322293518978,0.0,0.0,0.0,0.0,0.0,0.0,0.0,0.0,0.0,0.0,0.0,0.0,0.0,0.0,0.0,0.0,0.0,0.0,3.0,5.0,0.0,32.0,0.3154373125617935,2.395574695419638,0.8845138966676257,1.0,0.482783,938.0,0.7220315833329639
