,Unnamed: 0.6,Unnamed: 0.5,Unnamed: 0.4,Unnamed: 0.3,Unnamed: 0.2,Unnamed: 0.1,Unnamed: 0,gTON_STN_MEAN_nS_pF,gTON_STN_SIGMA,gTON_STN_THETA,gTON_CL_S_MEAN_nS_pF,gTON_CL_S_SIGMA,gTON_CL_S_THETA,gTON_CL_D_MEAN_nS_pF,gTON_CL_D_SIGMA,gTON_CL_D_THETA,gKCC2_S_nS_pF,gKCC2_D_nS_pF,gTRPC3_nS_pF,gHCN_nS_pF,gCA_nS_pF,gL_nS_pF,gSK_nS_pF,gNAP_nS_pF,gNAF_nS_pF,gKDR_nS_pF,gSD_nS,soma_noise_intensity,soma_noise_intensity_theta,dend_noise_intensity,dend_noise_intensity_theta,Eleak_mV,CL_in_S,CL_in_D,Iapp,Iapp_dend,gpe_stim,gpe_stim_freqs,gpe_poisson,W_gpe,gpe_start_time,gpe_base_length,gpe_stim_length,gpe_post_length,str_stim,str_stim_freqs,str_poisson,W_str,str_start_time,str_base_length,str_stim_length,str_post_length,tausyn,tauexc,tausyn_dend,pre_exp_fr,pre_exp_cv,pre_exp_fr_zscore,pre_exp_cv_zscore,connections,total_weight,sim,rel_error
0,0.0,0.0,0.0,0.0,183.0,100149.0,49.0,0.0335101105030856,0.002,0.001,0.005914,0.002,0.001,0.005914,0.0008,0.0004,0.003257,0.003257,0.160002,0.0,0.499531,0.046096,0.009387,0.165796,30.4724,38.8417,26.5,0.39348,0.1,0.1574,0.04,-58.2929,9.073746456001636,9.073746456001636,0.0,0.0,0.0,0.0,0.0,0.0,0.0,0.0,0.0,0.0,0.0,0.0,0.0,0.0,0.0,0.0,0.0,0.0,3.0,5.0,6.44635e-314,4.5,0.4096910142616522,-0.3922539140480572,1.4586193589853491,2.0,0.7943830000000001,1002.0,0.0018205478575616
1,1.0,1.0,1.0,1.0,143.0,26802.0,2.0,0.0371425193931392,0.002,0.001,0.008784,0.002,0.001,0.008784,0.0008,0.0004,0.001063,0.001063,0.075992,0.0,0.770625,0.032538,0.002688,0.036901,49.5213,18.1453,26.5,0.02568,0.1,0.01028,0.04,-58.0617,12.911246842174954,12.911246842174954,0.0,0.0,0.0,0.0,0.0,0.0,0.0,0.0,0.0,0.0,0.0,0.0,0.0,0.0,0.0,0.0,0.0,0.0,3.0,5.0,0.0,3.5,0.0490699664132461,-0.552204380981023,-0.1208969605402268,2.0,0.123404,269.0,0.1016783237457326
2,2.0,2.0,2.0,2.0,150.0,78859.0,59.0,0.0292034308943114,0.002,0.001,0.01275,0.002,0.001,0.01275,0.0008,0.0004,0.000687,0.000687,0.09451,0.0,0.533496,0.03053,0.007169,0.115043,12.8204,60.4706,26.5,0.04384,0.1,0.01752,0.04,-55.5179,14.021943057779716,14.021943057779716,0.0,0.0,0.0,0.0,0.0,0.0,0.0,0.0,0.0,0.0,0.0,0.0,0.0,0.0,0.0,0.0,0.0,0.0,3.0,5.0,6.48281e-314,3.0,0.3560571026154536,-0.90280820983851,1.1003922868336986,2.0,0.651833,789.0,0.0776641284698416
3,3.0,3.0,3.0,3.0,120.0,103267.0,67.0,0.0251454086596697,0.002,0.001,0.011478,0.002,0.001,0.011478,0.0008,0.0004,0.001943,0.001943,0.09207,0.0,0.810504,0.043855,0.008438,0.192658,34.6124,54.8244,26.5,0.03884,0.1,0.01556,0.04,-58.3522,12.241576321981864,12.241576321981864,0.0,0.0,0.0,0.0,0.0,0.0,0.0,0.0,0.0,0.0,0.0,0.0,0.0,0.0,0.0,0.0,0.0,0.0,3.0,5.0,4.26895e-314,3.0,0.2462019474422914,-1.2643904176053913,0.5350486046522148,2.0,0.864421,1033.0,0.0570580155796216
4,4.0,4.0,4.0,4.0,160.0,14010.0,10.0,0.0092675345685865,0.002,0.001,0.00499,0.002,0.001,0.00499,0.0008,0.0004,0.002239,0.002239,0.116018,0.0,0.834204,0.049134,0.010386,0.16971,38.325,35.7532,26.5,0.05412,0.1,0.02164,0.04,-57.6004,9.671373239746416,9.671373239746416,0.0,0.0,0.0,0.0,0.0,0.0,0.0,0.0,0.0,0.0,0.0,0.0,0.0,0.0,0.0,0.0,0.0,0.0,3.0,5.0,1e-323,4.5,0.3642236488056772,-0.5378697235056932,1.0770731141627266,2.0,0.197436,141.0,0.0080457733911297
5,5.0,5.0,5.0,5.0,185.0,81528.0,28.0,0.0195037842436556,0.002,0.001,0.013476,0.002,0.001,0.013476,0.0008,0.0004,0.002966,0.002966,0.11312,0.0,0.548279,0.036129,0.009109,0.134614,32.0256,51.2327,26.5,0.40896,0.1,0.1636,0.04,-59.4177,11.62908522463045,11.62908522463045,0.0,0.0,0.0,0.0,0.0,0.0,0.0,0.0,0.0,0.0,0.0,0.0,0.0,0.0,0.0,0.0,0.0,0.0,3.0,5.0,4.82e-321,4.0,0.2502248238373493,-0.5753229731691537,0.6737822922654476,2.0,0.622449,816.0,0.0254303052102637
6,6.0,6.0,6.0,6.0,221.0,104463.0,63.0,0.021294767611676,0.002,0.001,0.006096,0.002,0.001,0.006096,0.0008,0.0004,0.003785,0.003785,0.090832,0.0,0.7338,0.042583,0.009785,0.183954,38.1829,51.1943,26.5,0.03716,0.1,0.0148799999999999,0.04,-56.615,8.72743142584412,8.72743142584412,0.0,0.0,0.0,0.0,0.0,0.0,0.0,0.0,0.0,0.0,0.0,0.0,0.0,0.0,0.0,0.0,0.0,0.0,3.0,5.0,6.43617e-314,4.0,0.0705989198123984,-1.0087926415777893,-0.8299131407662823,2.0,0.846957,1045.0,0.0061029615368163
7,7.0,7.0,7.0,7.0,224.0,124005.0,5.0,0.0201333352096664,0.002,0.001,0.006338,0.002,0.001,0.006338,0.0008,0.0004,0.00674,0.00674,0.113634,0.0,0.546054,0.049139,0.009404,0.197402,39.4139,30.6725,26.5,0.05792,0.1,0.02316,0.04,-57.8008,7.283672398862323,7.283672398862323,0.0,0.0,0.0,0.0,0.0,0.0,0.0,0.0,0.0,0.0,0.0,0.0,0.0,0.0,0.0,0.0,0.0,0.0,3.0,5.0,0.0,4.0,0.391251457272221,-0.5207775555713372,1.3999410852843266,3.0,1.5485,1241.0,0.0353312884318853
8,8.0,8.0,8.0,8.0,129.0,100410.0,10.0,0.0416388352063093,0.002,0.001,0.002364,0.002,0.001,0.002364,0.0008,0.0004,0.007741,0.007741,0.171525,0.0,0.78543,0.077307,0.009171,0.258877,15.1649,50.7399,26.5,0.06224,0.1,0.02488,0.04,-60.5516,5.281307370229153,5.281307370229153,0.0,0.0,0.0,0.0,0.0,0.0,0.0,0.0,0.0,0.0,0.0,0.0,0.0,0.0,0.0,0.0,0.0,0.0,3.0,5.0,1e-323,2.0,0.2510161869900741,-0.5500417121811177,0.8460911995902759,2.0,0.815914,1005.0,0.0018187091584212
9,9.0,9.0,9.0,9.0,122.0,75850.0,50.0,0.0471635293604159,0.002,0.001,0.00428,0.002,0.001,0.00428,0.0008,0.0004,0.000796,0.000796,0.12274,0.0,0.391837,0.04124,0.010711,0.129274,39.0439,48.4102,26.5,0.03268,0.1,0.01308,0.04,-56.399,12.030683907323509,12.030683907323509,0.0,0.0,0.0,0.0,0.0,0.0,0.0,0.0,0.0,0.0,0.0,0.0,0.0,0.0,0.0,0.0,0.0,0.0,3.0,5.0,4.24544e-314,8.5,0.4780396929864523,-0.0688713525107662,1.775647028339732,1.0,0.432949,759.0,2.9392843788103915e-05
10,10.0,10.0,10.0,10.0,89.0,74804.0,4.0,0.0387273799153719,0.002,0.001,0.019668,0.002,0.001,0.019668,0.0008,0.0004,0.004207,0.004207,0.096489,0.0,0.655395,0.04531,0.009221,0.16168,41.1366,52.1033,26.5,0.0416,0.1,0.01664,0.04,-55.8911,11.699259366539334,11.699259366539334,0.0,0.0,0.0,0.0,0.0,0.0,0.0,0.0,0.0,0.0,0.0,0.0,0.0,0.0,0.0,0.0,0.0,0.0,3.0,5.0,0.0,7.0,0.3495862436722388,-0.0164055077626972,1.627848448769258,3.0,0.952438,749.0,0.0177092187246343
11,11.0,11.0,11.0,11.0,151.0,75615.0,15.0,0.0393903627905552,0.002,0.001,0.002608,0.002,0.001,0.002608,0.0008,0.0004,0.001079,0.001079,0.122829,0.0,0.51575,0.049081,0.008338,0.211983,43.2186,56.8005,26.5,0.04684,0.1,0.01876,0.04,-56.6847,9.907504629054252,9.907504629054252,0.0,0.0,0.0,0.0,0.0,0.0,0.0,0.0,0.0,0.0,0.0,0.0,0.0,0.0,0.0,0.0,0.0,0.0,3.0,5.0,0.0,9.0,0.3725361130790491,-0.1477942860075781,0.9943932815425996,3.0,0.872954,757.0,0.0084398847678001
12,12.0,12.0,12.0,12.0,82.0,102829.0,29.0,0.0309878238407615,0.002,0.001,0.017742,0.002,0.001,0.017742,0.0008,0.0004,0.004009,0.004009,0.083728,0.0,0.74875,0.038174,0.008076,0.20181,44.032,46.6504,26.5,0.03868,0.1,0.0154799999999999,0.04,-57.1775,11.563696996385632,11.563696996385632,0.0,0.0,0.0,0.0,0.0,0.0,0.0,0.0,0.0,0.0,0.0,0.0,0.0,0.0,0.0,0.0,0.0,0.0,3.0,5.0,6.4009e-314,8.5,0.3493440392379997,0.0012781716040662,1.123857853601901,3.0,1.211377,1029.0,0.0070973463348527
13,13.0,13.0,13.0,13.0,176.0,108040.0,40.0,0.025038213531961,0.002,0.001,0.00548,0.002,0.001,0.00548,0.0008,0.0004,0.003275,0.003275,0.104543,0.0,0.755549,0.039465,0.008574,0.162913,31.783,49.2205,26.5,0.0316,0.1,0.0126399999999999,0.04,-57.9872,8.837213538319261,8.837213538319261,0.0,0.0,0.0,0.0,0.0,0.0,0.0,0.0,0.0,0.0,0.0,0.0,0.0,0.0,0.0,0.0,0.0,0.0,3.0,5.0,6.44623e-314,6.5,0.3800633578955626,-0.6332117167401804,1.1360372301741355,2.0,0.8522890000000001,1081.0,0.0106280634382625
14,14.0,14.0,14.0,14.0,189.0,58548.0,48.0,0.0343028027482343,0.002,0.001,0.006752,0.002,0.001,0.006752,0.0008,0.0004,0.006433,0.006433,0.122837,0.0,0.792789,0.043561,0.006943,0.193692,42.626,38.7329,26.5,0.48932,0.1,0.19572,0.04,-57.2622,7.558237905543595,7.558237905543595,0.0,0.0,0.0,0.0,0.0,0.0,0.0,0.0,0.0,0.0,0.0,0.0,0.0,0.0,0.0,0.0,0.0,0.0,3.0,5.0,1.16585e-54,9.5,0.3273937893938073,0.1668730430078696,1.1054494725058597,3.0,0.5384329999999999,586.0,0.0244343795076215
15,15.0,15.0,15.0,15.0,45.0,14965.0,65.0,0.0341354839817657,0.002,0.001,0.006954,0.002,0.001,0.006954,0.0008,0.0004,0.001078,0.001078,0.115079,0.0,0.581415,0.050626,0.010004,0.181358,35.4941,44.8527,26.5,0.44844,0.1,0.1794,0.04,-58.9538,12.429755458069936,12.429755458069936,0.0,0.0,0.0,0.0,0.0,0.0,0.0,0.0,0.0,0.0,0.0,0.0,0.0,0.0,0.0,0.0,0.0,0.0,3.0,5.0,6.40597e-314,7.5,0.1825167668614295,-0.1055090214204873,0.1926688235356071,1.0,0.079759,150.0,0.0023569674724055
16,16.0,16.0,16.0,16.0,112.0,77711.0,11.0,0.0363889736398687,0.002,0.001,0.002316,0.002,0.001,0.002316,0.0008,0.0004,0.003436,0.003436,0.111489,0.0,0.597808,0.041812,0.010779,0.233088,26.2659,26.644,26.5,0.54896,0.1,0.2196,0.04,-58.3303,6.534498356966316,6.534498356966316,0.0,0.0,0.0,0.0,0.0,0.0,0.0,0.0,0.0,0.0,0.0,0.0,0.0,0.0,0.0,0.0,0.0,0.0,3.0,5.0,4.26057e-314,10.0,0.2318144962539224,0.1431083505599867,0.0676286356217033,1.0,0.235216,778.0,0.0054583486361398
17,17.0,17.0,17.0,17.0,156.0,71137.0,37.0,0.0319416595162415,0.002,0.001,0.006756,0.002,0.001,0.006756,0.0008,0.0004,0.001902,0.001902,0.097204,0.0,0.747414,0.03819,0.009838,0.194663,36.0366,51.5338,26.5,0.40028,0.1,0.1601199999999999,0.04,-55.9385,10.99172644770081,10.99172644770081,0.0,0.0,0.0,0.0,0.0,0.0,0.0,0.0,0.0,0.0,0.0,0.0,0.0,0.0,0.0,0.0,0.0,0.0,3.0,5.0,6.44739e-314,9.5,0.2824409159624964,0.188819648256702,0.3690583864324014,3.0,0.886979,712.0,0.0082042934133776
18,18.0,18.0,18.0,18.0,147.0,15971.0,71.0,0.0329028472806426,0.002,0.001,0.004682,0.002,0.001,0.004682,0.0008,0.0004,0.001152,0.001152,0.130229,0.0,0.845157,0.039258,0.009076,0.160524,32.49,37.8645,26.5,0.49048,0.1,0.1961999999999999,0.04,-57.7729,11.347338500238266,11.347338500238266,0.0,0.0,0.0,0.0,0.0,0.0,0.0,0.0,0.0,0.0,0.0,0.0,0.0,0.0,0.0,0.0,0.0,0.0,3.0,5.0,4.26683e-314,13.5,0.1779471608211121,0.6892917961675734,-0.0043208840240037,1.0,0.109984,160.0,0.0582987287684869
19,19.0,19.0,19.0,19.0,104.0,96522.0,22.0,0.0373611814544214,0.002,0.001,0.006484,0.002,0.001,0.006484,0.0008,0.0004,0.00124,0.00124,0.079688,0.0,0.629946,0.032113,0.007646,0.234046,23.5162,49.9998,26.5,0.35796,0.1,0.1432,0.04,-58.5561,11.966295981807876,11.966295981807876,0.0,0.0,0.0,0.0,0.0,0.0,0.0,0.0,0.0,0.0,0.0,0.0,0.0,0.0,0.0,0.0,0.0,0.0,3.0,5.0,6.40996e-314,12.5,0.0615821000056311,0.2432025478893513,-0.4096663836148629,2.0,0.794764,966.0,0.0043308314312584
20,20.0,20.0,20.0,20.0,78.0,42374.0,74.0,0.0216506384377177,0.002,0.001,0.005126,0.002,0.001,0.005126,0.0008,0.0004,0.00238,0.00238,0.127762,0.0,0.722432,0.048472,0.009166,0.185284,40.1272,49.5612,26.5,0.3209999999999999,0.1,0.1284,0.04,-58.4947,9.57162249155631,9.57162249155631,0.0,0.0,0.0,0.0,0.0,0.0,0.0,0.0,0.0,0.0,0.0,0.0,0.0,0.0,0.0,0.0,0.0,0.0,3.0,5.0,6.43609e-314,13.0,0.2086861067015866,0.3484690264187913,0.3066775540461073,1.0,0.200956,424.0,0.0002921738975285
21,21.0,21.0,21.0,21.0,216.0,12499.0,99.0,0.0200225858065169,0.002,0.001,0.009828,0.002,0.001,0.009828,0.0008,0.0004,0.012083,0.012083,0.090098,0.0,0.738179,0.040877,0.00875,0.174312,43.957,30.5623,26.5,0.02836,0.1,0.01136,0.04,-56.1126,6.9413241171715265,6.9413241171715265,0.0,0.0,0.0,0.0,0.0,0.0,0.0,0.0,0.0,0.0,0.0,0.0,0.0,0.0,0.0,0.0,0.0,0.0,3.0,5.0,2.12725e-314,11.5,0.1682809982308427,0.3461069019321245,0.0153514841665969,1.0,0.115171,125.0,0.0807423050556524
22,22.0,22.0,22.0,22.0,54.0,103198.0,98.0,0.0290873375749709,0.002,0.001,0.013828,0.002,0.001,0.013828,0.0008,0.0004,0.006302,0.006302,0.097759,0.0,0.750254,0.040645,0.008536,0.168722,39.2269,51.9269,26.5,0.38932,0.1,0.15572,0.04,-56.4238,9.62592495202927,9.62592495202927,0.0,0.0,0.0,0.0,0.0,0.0,0.0,0.0,0.0,0.0,0.0,0.0,0.0,0.0,0.0,0.0,0.0,0.0,3.0,5.0,0.0,11.0,0.2972297298743744,0.6448681634677028,0.6827794781566494,1.0,0.430372,1032.0,0.0255541008799565
23,23.0,23.0,23.0,23.0,26.0,61006.0,6.0,0.0242003372054252,0.002,0.001,0.010376,0.002,0.001,0.010376,0.0008,0.0004,0.002276,0.002276,0.107612,0.0,0.49744,0.038593,0.012606,0.205416,34.2086,51.1983,26.5,0.04628,0.1,0.01852,0.04,-54.8263,11.6374368665092,11.6374368665092,0.0,0.0,0.0,0.0,0.0,0.0,0.0,0.0,0.0,0.0,0.0,0.0,0.0,0.0,0.0,0.0,0.0,0.0,3.0,5.0,0.0,11.5,0.0793573006786904,0.423548662576226,-0.0486815412663126,1.0,0.137736,611.0,0.0383820043228952
24,24.0,24.0,24.0,24.0,198.0,79301.0,1.0,0.0159942487847607,0.002,0.001,0.016962,0.002,0.001,0.016962,0.0008,0.0004,0.006941,0.006941,0.103873,0.0,1.03845,0.048199,0.006811,0.22498,26.4192,53.4346,26.5,0.39304,0.1,0.1572,0.04,-56.588,9.939352777818788,9.939352777818788,0.0,0.0,0.0,0.0,0.0,0.0,0.0,0.0,0.0,0.0,0.0,0.0,0.0,0.0,0.0,0.0,0.0,0.0,3.0,5.0,0.0,14.0,0.4190266740930285,0.5455811758118222,1.2683512682241371,1.0,0.226099,794.0,0.0031636813669761
25,25.0,25.0,25.0,25.0,52.0,25210.0,10.0,0.0434217827276083,0.002,0.001,0.006708,0.002,0.001,0.006708,0.0008,0.0004,0.003434,0.003434,0.095099,0.0,0.657397,0.037948,0.008294,0.20169,41.7889,64.0043,26.5,0.03432,0.1,0.01372,0.04,-59.328,9.286500054392524,9.286500054392524,0.0,0.0,0.0,0.0,0.0,0.0,0.0,0.0,0.0,0.0,0.0,0.0,0.0,0.0,0.0,0.0,0.0,0.0,3.0,5.0,1e-323,12.5,0.1052630673672284,0.1630470373353287,0.19321870668622,2.0,0.168291,253.0,0.0456619291287154
26,26.0,26.0,26.0,26.0,141.0,24121.0,21.0,0.0244034250813859,0.002,0.001,0.002474,0.002,0.001,0.002474,0.0008,0.0004,0.002183,0.002183,0.111692,0.0,0.785676,0.037941,0.011605,0.242746,37.1989,36.0446,26.5,0.28552,0.1,0.1142,0.04,-56.0436,7.757096169736518,7.757096169736518,0.0,0.0,0.0,0.0,0.0,0.0,0.0,0.0,0.0,0.0,0.0,0.0,0.0,0.0,0.0,0.0,0.0,0.0,3.0,5.0,4.25267e-314,13.5,0.1086859170487177,0.337601707425912,-0.1698934610330177,1.0,0.059864,242.0,0.2015567140014074
27,27.0,27.0,27.0,27.0,192.0,101332.0,32.0,0.0321635404532874,0.002,0.001,0.008976,0.002,0.001,0.008976,0.0008,0.0004,0.001561,0.001561,0.118599,0.0,0.667799,0.039405,0.010344,0.148101,35.7266,51.0389,26.5,0.35996,0.1,0.144,0.04,-56.3912,12.182140037754069,12.182140037754069,0.0,0.0,0.0,0.0,0.0,0.0,0.0,0.0,0.0,0.0,0.0,0.0,0.0,0.0,0.0,0.0,0.0,0.0,3.0,5.0,4.11e-321,12.0,0.2783722412017607,0.5214831997315156,0.5137914117129497,1.0,0.403306,1014.0,0.0365327382077299
28,28.0,28.0,28.0,28.0,53.0,48753.0,53.0,0.033158266584343,0.002,0.001,0.00662,0.002,0.001,0.00662,0.0008,0.0004,0.007954,0.007954,0.111264,0.0,0.852243,0.040624,0.009713,0.200049,35.7295,56.1758,26.5,0.50444,0.1,0.20176,0.04,-56.438,6.993968645970717,6.993968645970717,0.0,0.0,0.0,0.0,0.0,0.0,0.0,0.0,0.0,0.0,0.0,0.0,0.0,0.0,0.0,0.0,0.0,0.0,3.0,5.0,4.27795e-314,13.5,0.2462504730532058,0.9941600150440252,0.7465597095503389,1.0,0.233031,488.0,0.1349094102179775
29,29.0,29.0,29.0,29.0,164.0,21758.0,58.0,0.0357827743946663,0.002,0.001,0.00197,0.002,0.001,0.00197,0.0008,0.0004,0.000322,0.000322,0.08992,0.0,0.39715,0.029465,0.011572,0.167639,30.68,25.5915,26.5,0.36,0.1,0.144,0.04,-55.3313,12.317555501136441,12.317555501136441,0.0,0.0,0.0,0.0,0.0,0.0,0.0,0.0,0.0,0.0,0.0,0.0,0.0,0.0,0.0,0.0,0.0,0.0,3.0,5.0,6.44129e-314,12.5,0.1473167305482114,0.159284051568527,0.1393797118326423,1.0,0.065065,218.0,0.0847959576522426
30,30.0,30.0,30.0,30.0,37.0,120711.0,11.0,0.0287721648325757,0.002,0.001,0.011922,0.002,0.001,0.011922,0.0008,0.0004,0.001011,0.001011,0.144277,0.0,0.670741,0.048581,0.007305,0.192516,35.7342,40.9666,26.5,0.51772,0.1,0.20708,0.04,-58.1817,13.481277110771742,13.481277110771742,0.0,0.0,0.0,0.0,0.0,0.0,0.0,0.0,0.0,0.0,0.0,0.0,0.0,0.0,0.0,0.0,0.0,0.0,3.0,5.0,4.24399e-314,17.5,0.2081639239076635,1.0047330287124872,0.3571344257311782,3.0,1.158579,1208.0,0.0045073253137514
31,31.0,31.0,31.0,31.0,131.0,16262.0,62.0,0.0366058988224426,0.002,0.001,0.001894,0.002,0.001,0.001894,0.0008,0.0004,0.00083,0.00083,0.129576,0.0,0.524557,0.039445,0.00746,0.180893,39.5662,58.3178,26.5,0.0579999999999999,0.1,0.0232,0.04,-59.2568,9.740210054650534,9.740210054650534,0.0,0.0,0.0,0.0,0.0,0.0,0.0,0.0,0.0,0.0,0.0,0.0,0.0,0.0,0.0,0.0,0.0,0.0,3.0,5.0,0.0,18.5,0.1166896498719792,1.3687815557299334,-0.1260427033785496,2.0,0.271155,163.0,0.3466776054350446
32,32.0,32.0,32.0,32.0,239.0,54171.0,71.0,0.0248633521687835,0.002,0.001,0.005374,0.002,0.001,0.005374,0.0008,0.0004,0.004692,0.004692,0.086703,0.0,0.757437,0.047023,0.008423,0.238566,37.1965,43.9126,26.5,0.15544,0.1,0.06216,0.04,-55.2576,7.7849360935003995,7.7849360935003995,0.0,0.0,0.0,0.0,0.0,0.0,0.0,0.0,0.0,0.0,0.0,0.0,0.0,0.0,0.0,0.0,0.0,0.0,3.0,5.0,4.25013e-314,17.0,0.2551930429600363,0.6842125529378563,0.3845225225913471,1.0,0.247097,542.0,0.0096527334420856
33,33.0,33.0,33.0,33.0,64.0,111143.0,43.0,0.0231919324466346,0.002,0.001,0.007984,0.002,0.001,0.007984,0.0008,0.0004,0.002592,0.002592,0.135558,0.0,0.925473,0.0365,0.009581,0.188346,40.5837,50.866,26.5,0.38628,0.1,0.15452,0.04,-57.8781,10.600048420789438,10.600048420789438,0.0,0.0,0.0,0.0,0.0,0.0,0.0,0.0,0.0,0.0,0.0,0.0,0.0,0.0,0.0,0.0,0.0,0.0,3.0,5.0,0.0,17.0,0.2933701528645736,1.156987173353478,0.6452197602342306,3.0,1.17067,1112.0,0.0995130480478412
34,34.0,34.0,34.0,34.0,163.0,29282.0,82.0,0.0270083239160217,0.002,0.001,0.001872,0.002,0.001,0.001872,0.0008,0.0004,0.007674,0.007674,0.131414,0.0,0.907811,0.029565,0.008505,0.146514,40.2116,29.4384,26.5,0.02524,0.1,0.01008,0.04,-58.2404,5.045891762025217,5.045891762025217,0.0,0.0,0.0,0.0,0.0,0.0,0.0,0.0,0.0,0.0,0.0,0.0,0.0,0.0,0.0,0.0,0.0,0.0,3.0,5.0,6.47529e-314,17.0,0.1613452548061742,0.6255045953442887,0.3054190898036529,2.0,0.207413,293.0,0.2510448104607579
35,35.0,35.0,35.0,35.0,48.0,972.0,72.0,0.0371222111014357,0.002,0.001,0.009722,0.002,0.001,0.009722,0.0008,0.0004,0.00043,0.00043,0.118853,0.0,0.671788,0.039536,0.009775,0.159926,35.6932,45.2528,26.5,0.37444,0.1,0.14976,0.04,-55.5296,14.202135897708136,14.202135897708136,0.0,0.0,0.0,0.0,0.0,0.0,0.0,0.0,0.0,0.0,0.0,0.0,0.0,0.0,0.0,0.0,0.0,0.0,3.0,5.0,0.0,17.0,0.1445085339506019,1.4313599986629175,-0.5257292179711585,1.0,0.099615,10.0,0.1206927222962443
36,36.0,36.0,36.0,36.0,206.0,58260.0,60.0,0.0375266647604476,0.002,0.001,0.009506,0.002,0.001,0.009506,0.0008,0.0004,0.004302,0.004302,0.12362,0.0,0.921642,0.041992,0.007785,0.293393,36.3046,57.8571,26.5,0.04912,0.1,0.01964,0.04,-59.0385,9.646392976207354,9.646392976207354,0.0,0.0,0.0,0.0,0.0,0.0,0.0,0.0,0.0,0.0,0.0,0.0,0.0,0.0,0.0,0.0,0.0,0.0,3.0,5.0,6.40971e-314,19.5,0.2025370985146373,1.177929826263289,0.6463026873665224,3.0,0.398584,583.0,0.1074759191452586
37,37.0,37.0,37.0,37.0,81.0,1184.0,84.0,0.0405730806875949,0.002,0.001,0.008582,0.002,0.001,0.008582,0.0008,0.0004,0.002082,0.002082,0.106811,0.0,0.687243,0.038769,0.009482,0.169872,33.2987,49.8976,26.5,0.4033599999999999,0.1,0.16136,0.04,-55.2155,11.383666051177098,11.383666051177098,0.0,0.0,0.0,0.0,0.0,0.0,0.0,0.0,0.0,0.0,0.0,0.0,0.0,0.0,0.0,0.0,0.0,0.0,3.0,5.0,6.43431e-314,16.5,0.0982037041004295,1.294415931678317,-0.5877727899375956,1.0,0.103169,12.0,0.1832396903052286
38,38.0,38.0,38.0,38.0,136.0,110112.0,12.0,0.037727441862854,0.002,0.001,0.012944,0.002,0.001,0.012944,0.0008,0.0004,0.004877,0.004877,0.082425,0.0,0.792463,0.033469,0.007038,0.20253,30.4112,65.3785,26.5,0.53944,0.1,0.2158,0.04,-55.7178,10.177666642644894,10.177666642644894,0.0,0.0,0.0,0.0,0.0,0.0,0.0,0.0,0.0,0.0,0.0,0.0,0.0,0.0,0.0,0.0,0.0,0.0,3.0,5.0,4.24872e-314,16.0,0.1615070143926313,1.073567328717819,-0.4329091246901124,1.0,0.347311,1102.0,0.0782184371885927
39,39.0,39.0,39.0,39.0,16.0,60088.0,88.0,0.037498754894072,0.002,0.001,0.00723,0.002,0.001,0.00723,0.0008,0.0004,0.004365,0.004365,0.105033,0.0,0.966678,0.016812,0.010501,0.175653,36.6325,30.9438,26.5,0.03532,0.1,0.01412,0.04,-55.9236,8.807941552480084,8.807941552480084,0.0,0.0,0.0,0.0,0.0,0.0,0.0,0.0,0.0,0.0,0.0,0.0,0.0,0.0,0.0,0.0,0.0,0.0,3.0,5.0,6.40995e-314,16.0,0.2854619022450324,0.5276431840801881,0.6024260775877389,3.0,0.819856,601.0,0.0837632090945202
40,40.0,40.0,40.0,40.0,6.0,133880.0,80.0,0.024760960015016,0.002,0.001,0.017366,0.002,0.001,0.017366,0.0008,0.0004,0.003642,0.003642,0.080924,0.0,0.74922,0.040325,0.004993,0.209732,37.7276,66.9902,26.5,0.0409599999999999,0.1,0.01636,0.04,-57.7179,11.747289338397206,11.747289338397206,0.0,0.0,0.0,0.0,0.0,0.0,0.0,0.0,0.0,0.0,0.0,0.0,0.0,0.0,0.0,0.0,0.0,0.0,3.0,5.0,6.40895e-314,15.5,0.2106031978024833,1.0828414807602111,0.652516487392647,1.0,0.355689,1339.0,0.0356893106077791
41,41.0,41.0,41.0,41.0,41.0,59832.0,32.0,0.0397549066192561,0.002,0.001,0.003314,0.002,0.001,0.003314,0.0008,0.0004,0.002655,0.002655,0.115972,0.0,0.795029,0.022349,0.011394,0.178097,37.2944,47.7828,26.5,0.03924,0.1,0.01572,0.04,-58.0117,8.01488204317229,8.01488204317229,0.0,0.0,0.0,0.0,0.0,0.0,0.0,0.0,0.0,0.0,0.0,0.0,0.0,0.0,0.0,0.0,0.0,0.0,3.0,5.0,4.11e-321,19.0,0.0990506002392933,0.8647341023702656,0.3964850190345171,3.0,0.529975,599.0,0.0281435628418026
42,42.0,42.0,42.0,42.0,58.0,95750.0,50.0,0.0171800076339521,0.002,0.001,0.01161,0.002,0.001,0.01161,0.0008,0.0004,0.004999,0.004999,0.138017,0.0,0.390733,0.041416,0.013887,0.204617,45.5526,110.872,26.5,0.37212,0.1,0.14884,0.04,-56.2134,9.79148469135688,9.79148469135688,0.0,0.0,0.0,0.0,0.0,0.0,0.0,0.0,0.0,0.0,0.0,0.0,0.0,0.0,0.0,0.0,0.0,0.0,3.0,5.0,4.28302e-314,16.5,0.1419474178626409,0.6785160029886479,0.2346507782557349,1.0,0.342883,958.0,0.1789362305263595
43,43.0,43.0,43.0,43.0,123.0,9658.0,58.0,0.0258461187063202,0.002,0.001,0.012514,0.002,0.001,0.012514,0.0008,0.0004,0.002945,0.002945,0.116151,0.0,0.749028,0.020997,0.008858,0.191377,25.8911,44.1843,26.5,0.0329599999999999,0.1,0.0131599999999999,0.04,-59.893,11.461288588981246,11.461288588981246,0.0,0.0,0.0,0.0,0.0,0.0,0.0,0.0,0.0,0.0,0.0,0.0,0.0,0.0,0.0,0.0,0.0,0.0,3.0,5.0,6.4364e-314,17.5,0.2198588038141154,1.1507983509986923,0.1245045393917624,3.0,0.236863,97.0,0.0175716251216128
44,44.0,44.0,44.0,44.0,73.0,39589.0,89.0,0.0323625777003832,0.002,0.001,0.002158,0.002,0.001,0.002158,0.0008,0.0004,0.006576,0.006576,0.119861,0.0,0.640606,0.043145,0.008728,0.179124,39.4158,61.6277,26.5,0.4354,0.1,0.17416,0.04,-56.4306,5.3666231730732665,5.3666231730732665,0.0,0.0,0.0,0.0,0.0,0.0,0.0,0.0,0.0,0.0,0.0,0.0,0.0,0.0,0.0,0.0,0.0,0.0,3.0,5.0,6.4836e-314,16.5,0.0348615106904905,3.1660549597670338,-1.12966557560905,0.0,0.0,396.0,0.069549981209136
45,45.0,45.0,45.0,45.0,190.0,44100.0,0.0,0.0419904221416401,0.002,0.001,0.007824,0.002,0.001,0.007824,0.0008,0.0004,0.000937,0.000937,0.129261,0.0,0.566293,0.051587,0.007175,0.221182,34.3363,58.2285,26.5,0.4755199999999999,0.1,0.1901999999999999,0.04,-56.8218,12.929976335181209,12.929976335181209,0.0,0.0,0.0,0.0,0.0,0.0,0.0,0.0,0.0,0.0,0.0,0.0,0.0,0.0,0.0,0.0,0.0,0.0,3.0,5.0,6.46758e-314,18.0,0.1390749749688081,1.38398715790221,-0.4544725203008993,1.0,0.210109,442.0,0.098451872204086
46,46.0,46.0,46.0,46.0,118.0,49621.0,21.0,0.027700136708199,0.002,0.001,0.010386,0.002,0.001,0.010386,0.0008,0.0004,0.002016,0.002016,0.099143,0.0,0.695115,0.049325,0.006956,0.192648,44.4965,72.4737,26.5,0.04948,0.1,0.0197999999999999,0.04,-56.0822,11.931579960326232,11.931579960326232,0.0,0.0,0.0,0.0,0.0,0.0,0.0,0.0,0.0,0.0,0.0,0.0,0.0,0.0,0.0,0.0,0.0,0.0,3.0,5.0,4.24508e-314,15.5,0.2193766124787931,1.3176124382734118,0.2980234214033905,1.0,0.186661,497.0,0.0223157449931729
47,47.0,47.0,47.0,47.0,33.0,94115.0,15.0,0.032728537874061,0.002,0.001,0.019668,0.002,0.001,0.019668,0.0008,0.0004,0.004207,0.004207,0.08417,0.0,0.659256,0.038613,0.004049,0.173831,64.8782,53.3018,26.5,0.48076,0.1,0.19232,0.04,-56.9283,11.699259366539334,11.699259366539334,0.0,0.0,0.0,0.0,0.0,0.0,0.0,0.0,0.0,0.0,0.0,0.0,0.0,0.0,0.0,0.0,0.0,0.0,3.0,5.0,0.0,22.5,0.1840736719550773,0.9205842388965052,0.2748877971837641,2.0,0.473259,942.0,0.0912634393145048
48,48.0,48.0,48.0,48.0,177.0,119700.0,0.0,0.0163570911424358,0.002,0.001,0.000868,0.002,0.001,0.000868,0.0008,0.0004,0.002197,0.002197,0.145187,0.0,0.737116,0.039815,0.010007,0.22361,36.4755,60.8161,26.5,0.45248,0.1,0.181,0.04,-58.2973,5.611181327705994,5.611181327705994,0.0,0.0,0.0,0.0,0.0,0.0,0.0,0.0,0.0,0.0,0.0,0.0,0.0,0.0,0.0,0.0,0.0,0.0,3.0,5.0,6.4691e-314,22.0,0.2942137465696605,1.276581441387966,1.0089290075115644,3.0,1.329068,1198.0,0.0253942215797151
49,49.0,49.0,49.0,49.0,209.0,86387.0,87.0,0.025587440733542,0.002,0.001,0.002294,0.002,0.001,0.002294,0.0008,0.0004,0.001863,0.001863,0.06088,0.0,0.521725,0.016863,0.006708,0.228678,29.8482,39.9171,26.5,0.2656,0.1,0.10624,0.04,-55.7884,7.978100842546502,7.978100842546502,0.0,0.0,0.0,0.0,0.0,0.0,0.0,0.0,0.0,0.0,0.0,0.0,0.0,0.0,0.0,0.0,0.0,0.0,3.0,5.0,6.47379e-314,20.5,0.2062266696844228,1.120472687853871,0.3243734140710773,2.0,0.731506,864.0,0.473806205965352
50,50.0,50.0,50.0,50.0,95.0,66604.0,4.0,0.0104028904764792,0.002,0.001,0.002356,0.002,0.001,0.002356,0.0008,0.0004,0.008546,0.008546,0.145575,0.0,0.934044,0.048495,0.010045,0.266967,47.3727,45.5799,26.5,0.02784,0.1,0.01112,0.04,-58.209,5.168462827355577,5.168462827355577,0.0,0.0,0.0,0.0,0.0,0.0,0.0,0.0,0.0,0.0,0.0,0.0,0.0,0.0,0.0,0.0,0.0,0.0,3.0,5.0,0.0,24.0,0.2008151291807409,1.7889746036604373,0.3060637153122225,1.0,0.124981,667.0,0.2052150432162365
51,51.0,51.0,51.0,51.0,212.0,62063.0,63.0,0.0229148854084334,0.002,0.001,0.001924,0.002,0.001,0.001924,0.0008,0.0004,0.002667,0.002667,0.083783,0.0,0.909076,0.022494,0.001273,0.148739,30.1808,29.1558,26.5,0.04076,0.1,0.01628,0.04,-56.528,6.676640622703593,6.676640622703593,0.0,0.0,0.0,0.0,0.0,0.0,0.0,0.0,0.0,0.0,0.0,0.0,0.0,0.0,0.0,0.0,0.0,0.0,3.0,5.0,6.40951e-314,20.5,0.100988636438352,1.291532829213416,0.4635315614324083,2.0,0.283916,621.0,0.0175492678187006
52,52.0,52.0,52.0,52.0,155.0,129883.0,83.0,0.021787222475689,0.002,0.001,0.013628,0.002,0.001,0.013628,0.0008,0.0004,0.004,0.004,0.144092,0.0,0.737601,0.031281,0.006265,0.187922,32.9914,48.0934,26.5,0.06424,0.1,0.02572,0.04,-57.6565,10.87864203609539,10.87864203609539,0.0,0.0,0.0,0.0,0.0,0.0,0.0,0.0,0.0,0.0,0.0,0.0,0.0,0.0,0.0,0.0,0.0,0.0,3.0,5.0,6.44593e-314,21.5,0.49585449312968,1.258910925746269,1.8777334176502725,4.0,1.795145,1299.0,0.5916679298614411
53,53.0,53.0,53.0,53.0,145.0,121863.0,63.0,0.029038202372619,0.002,0.001,0.017434,0.002,0.001,0.017434,0.0008,0.0004,0.002409,0.002409,0.139148,0.0,0.173453,0.016026,0.013074,0.21531,32.8033,42.4009,26.5,0.0588,0.1,0.02352,0.04,-57.1115,12.66218967410043,12.66218967410043,0.0,0.0,0.0,0.0,0.0,0.0,0.0,0.0,0.0,0.0,0.0,0.0,0.0,0.0,0.0,0.0,0.0,0.0,3.0,5.0,6.41624e-314,21.5,0.2796753797018735,1.752344949732385,0.9157010376050116,1.0,0.570156,1219.0,0.1035811201130173
54,54.0,54.0,54.0,54.0,114.0,57567.0,67.0,0.0391292659003537,0.002,0.001,0.002994,0.002,0.001,0.002994,0.0008,0.0004,0.000851,0.000851,0.146692,0.0,0.735958,0.035456,0.007325,0.195859,30.5441,59.2191,26.5,0.19556,0.1,0.0782399999999999,0.04,-58.1047,10.965883204237004,10.965883204237004,0.0,0.0,0.0,0.0,0.0,0.0,0.0,0.0,0.0,0.0,0.0,0.0,0.0,0.0,0.0,0.0,0.0,0.0,3.0,5.0,4.24816e-314,23.0,0.2021068276548624,1.8598470791211923,0.302335044186732,3.0,0.748523,576.0,0.0559030343147575
55,55.0,55.0,55.0,55.0,34.0,66402.0,2.0,0.0242007645506099,0.002,0.001,0.004674,0.002,0.001,0.004674,0.0008,0.0004,0.002127,0.002127,0.199406,0.0,0.697961,0.043449,0.004988,0.116859,47.9974,33.1802,26.5,0.0259599999999999,0.1,0.01036,0.04,-58.9593,9.630226953770894,9.630226953770894,0.0,0.0,0.0,0.0,0.0,0.0,0.0,0.0,0.0,0.0,0.0,0.0,0.0,0.0,0.0,0.0,0.0,0.0,3.0,5.0,0.0,24.0,0.1685231045542306,1.4327673761885136,0.2504689209474665,1.0,0.220953,665.0,0.3990539296554431
56,56.0,56.0,56.0,56.0,105.0,87511.0,11.0,0.0262691494587966,0.002,0.001,0.005604,0.002,0.001,0.005604,0.0008,0.0004,0.001786,0.001786,0.136756,0.0,0.745598,0.035816,0.009356,0.215105,38.6305,71.1699,26.5,0.43096,0.1,0.1724,0.04,-60.4902,10.65165127452858,10.65165127452858,0.0,0.0,0.0,0.0,0.0,0.0,0.0,0.0,0.0,0.0,0.0,0.0,0.0,0.0,0.0,0.0,0.0,0.0,3.0,5.0,4.24399e-314,20.5,0.1059950941046575,1.4697839229434122,-0.1948535898586151,1.0,0.296897,876.0,0.7189671490631966
57,57.0,57.0,57.0,57.0,128.0,124878.0,78.0,0.033186729827762,0.002,0.001,0.007066,0.002,0.001,0.007066,0.0008,0.0004,0.004195,0.004195,0.169488,0.0,0.594495,0.032391,0.009727,0.153913,46.4557,69.6188,26.5,0.05504,0.1,0.022,0.04,-58.7443,8.8562772919249,8.8562772919249,0.0,0.0,0.0,0.0,0.0,0.0,0.0,0.0,0.0,0.0,0.0,0.0,0.0,0.0,0.0,0.0,0.0,0.0,3.0,5.0,6.48168e-314,23.0,0.3094382419944905,1.555894842891368,0.6155555149094158,2.0,0.7863410000000001,1249.0,0.1363390656939436
58,58.0,58.0,58.0,58.0,42.0,59725.0,25.0,0.0201306997660756,0.002,0.001,0.002772,0.002,0.001,0.002772,0.0008,0.0004,0.006802,0.006802,0.134088,0.0,0.492508,0.040485,0.007895,0.16807,59.1693,39.5836,26.5,0.514,0.1,0.2055999999999999,0.04,-58.2088,5.6556478362295985,5.6556478362295985,0.0,0.0,0.0,0.0,0.0,0.0,0.0,0.0,0.0,0.0,0.0,0.0,0.0,0.0,0.0,0.0,0.0,0.0,3.0,5.0,4.27935e-314,23.5,0.131857188205383,1.0738652342472674,0.2709895492827482,2.0,0.506871,598.0,0.079956399481668
59,59.0,59.0,59.0,59.0,69.0,126973.0,73.0,0.0155099396588097,0.002,0.001,0.01103,0.002,0.001,0.01103,0.0008,0.0004,0.001522,0.001522,0.159545,0.0,0.657084,0.008528,0.007967,0.064433,36.1952,23.9494,26.5,0.44732,0.1,0.17892,0.04,-57.9319,12.664891664354258,12.664891664354258,0.0,0.0,0.0,0.0,0.0,0.0,0.0,0.0,0.0,0.0,0.0,0.0,0.0,0.0,0.0,0.0,0.0,0.0,3.0,5.0,2.57187e-315,22.0,0.1832637278818579,1.1941834144076922,0.1240305483492059,1.0,0.462305,1270.0,0.0297515993317533
60,60.0,60.0,60.0,60.0,57.0,42382.0,82.0,0.0234944127360699,0.002,0.001,0.002558,0.002,0.001,0.002558,0.0008,0.0004,0.001283,0.001283,0.103418,0.0,0.655649,0.037641,0.006003,0.193985,32.3078,38.254,26.5,0.42504,0.1,0.17,0.04,-58.3094,9.346178956029371,9.346178956029371,0.0,0.0,0.0,0.0,0.0,0.0,0.0,0.0,0.0,0.0,0.0,0.0,0.0,0.0,0.0,0.0,0.0,0.0,3.0,5.0,6.43609e-314,23.0,0.1472252287223521,1.5398161252864535,-0.093438357472583,3.0,0.542593,424.0,0.2727522749431366
61,61.0,61.0,61.0,61.0,94.0,54745.0,45.0,0.0268274358414533,0.002,0.001,0.005128,0.002,0.001,0.005128,0.0008,0.0004,0.001453,0.001453,0.109628,0.0,0.688839,0.046144,0.007535,0.267334,26.1469,49.9286,26.5,0.2568399999999999,0.1,0.10272,0.04,-57.5881,10.974347182123397,10.974347182123397,0.0,0.0,0.0,0.0,0.0,0.0,0.0,0.0,0.0,0.0,0.0,0.0,0.0,0.0,0.0,0.0,0.0,0.0,3.0,5.0,0.0,20.5,0.1727520956676436,1.2322270814246383,0.3612935028005978,2.0,0.337206,548.0,0.0374540195345945
62,62.0,62.0,62.0,62.0,202.0,615.0,15.0,0.0313308945026868,0.002,0.001,0.008384,0.002,0.001,0.008384,0.0008,0.0004,0.000601,0.000601,0.114051,0.0,0.800501,0.035516,0.008889,0.176934,38.0371,54.4297,26.5,0.0459199999999999,0.1,0.01836,0.04,-57.0966,13.704129924986947,13.704129924986947,0.0,0.0,0.0,0.0,0.0,0.0,0.0,0.0,0.0,0.0,0.0,0.0,0.0,0.0,0.0,0.0,0.0,0.0,3.0,5.0,0.0,20.5,0.1123865477918524,2.212255640060404,-0.3707284509841089,2.0,0.203102,7.0,0.0818125556774359
63,63.0,63.0,63.0,63.0,115.0,51217.0,17.0,0.044298961368895,0.002,0.001,0.012112,0.002,0.001,0.012112,0.0008,0.0004,0.001147,0.001147,0.131418,0.0,0.474072,0.036197,0.013643,0.24902,44.0942,50.6271,26.5,0.0434,0.1,0.01736,0.04,-54.881,13.319097495611906,13.319097495611906,0.0,0.0,0.0,0.0,0.0,0.0,0.0,0.0,0.0,0.0,0.0,0.0,0.0,0.0,0.0,0.0,0.0,0.0,3.0,5.0,0.0,23.5,0.0860290507424543,1.4808446800429629,-0.182551040802524,1.0,0.094694,513.0,0.765405861579642
64,64.0,64.0,64.0,64.0,77.0,29722.0,22.0,0.0288653073229092,0.002,0.001,0.00418,0.002,0.001,0.00418,0.0008,0.0004,0.007687,0.007687,0.14402,0.0,0.915847,0.04759,0.008535,0.17441,42.1053,59.6534,26.5,0.9218,0.1,0.36872,0.04,-57.4789,6.122195310136539,6.122195310136539,0.0,0.0,0.0,0.0,0.0,0.0,0.0,0.0,0.0,0.0,0.0,0.0,0.0,0.0,0.0,0.0,0.0,0.0,3.0,5.0,6.40273e-314,21.0,0.0683089680562491,1.0770757018416477,0.0059501599046557,0.0,0.0,298.0,0.7640808248491099
65,65.0,65.0,65.0,65.0,244.0,64254.0,54.0,0.0306822673393426,0.002,0.001,0.002204,0.002,0.001,0.002204,0.0008,0.0004,0.003964,0.003964,0.108543,0.0,0.65622,0.037975,0.005481,0.308398,31.2118,57.0492,26.5,0.03832,0.1,0.01532,0.04,-59.6363,6.162275661222247,6.162275661222247,0.0,0.0,0.0,0.0,0.0,0.0,0.0,0.0,0.0,0.0,0.0,0.0,0.0,0.0,0.0,0.0,0.0,0.0,3.0,5.0,6.44833e-314,29.5,0.0988989242895992,1.7662774145453493,0.0856113277437146,3.0,0.7383299999999999,643.0,1.5489918855033085
66,66.0,66.0,66.0,66.0,22.0,80283.0,83.0,0.0236291812780927,0.002,0.001,0.005376,0.002,0.001,0.005376,0.0008,0.0004,0.006583,0.006583,0.144083,0.0,0.662309,0.036186,0.005064,0.17455,37.8154,40.3374,26.5,0.04124,0.1,0.01652,0.04,-58.2338,6.950482942290082,6.950482942290082,0.0,0.0,0.0,0.0,0.0,0.0,0.0,0.0,0.0,0.0,0.0,0.0,0.0,0.0,0.0,0.0,0.0,0.0,3.0,5.0,6.44384e-314,28.0,0.0727760269338087,2.9466447277979606,-0.2694938245544296,1.0,0.227216,803.0,0.1386204652642644
67,67.0,67.0,67.0,67.0,17.0,76823.0,23.0,0.0350918707530078,0.002,0.001,0.013522,0.002,0.001,0.013522,0.0008,0.0004,0.001287,0.001287,0.126078,0.0,0.5365,0.03487,0.009586,0.217772,26.194,39.7631,26.5,0.03552,0.1,0.0142,0.04,-55.4957,13.31137938966632,13.31137938966632,0.0,0.0,0.0,0.0,0.0,0.0,0.0,0.0,0.0,0.0,0.0,0.0,0.0,0.0,0.0,0.0,0.0,0.0,3.0,5.0,6.4793e-314,27.0,0.166341959871714,2.418301553479031,0.0517373814193381,2.0,0.557281,769.0,0.6829393621507238
68,68.0,68.0,68.0,68.0,10.0,54488.0,88.0,0.0275064310234003,0.002,0.001,0.009418,0.002,0.001,0.009418,0.0008,0.0004,0.000966,0.000966,0.102882,0.0,0.743812,0.031797,0.007895,0.229657,53.4148,53.5411,26.5,0.04576,0.1,0.01832,0.04,-56.444,13.193662396470158,13.193662396470158,0.0,0.0,0.0,0.0,0.0,0.0,0.0,0.0,0.0,0.0,0.0,0.0,0.0,0.0,0.0,0.0,0.0,0.0,3.0,5.0,6.40835e-314,27.0,0.1835760483631612,2.6337356897109894,0.5147396170779089,3.0,0.441096,545.0,0.0852800935050192
69,69.0,69.0,69.0,69.0,220.0,43094.0,94.0,0.0216208162427291,0.002,0.001,0.002162,0.002,0.001,0.002162,0.0008,0.0004,0.000816,0.000816,0.108836,0.0,0.473007,0.022761,0.006984,0.210099,29.1189,50.1169,26.5,0.02488,0.1,0.00996,0.04,-58.0794,10.172705665257714,10.172705665257714,0.0,0.0,0.0,0.0,0.0,0.0,0.0,0.0,0.0,0.0,0.0,0.0,0.0,0.0,0.0,0.0,0.0,0.0,3.0,5.0,6.44372e-314,25.5,0.1014248429148065,2.021410535320073,-0.3168228582261309,1.0,0.196808,431.0,0.1087058402256221
70,70.0,70.0,70.0,70.0,110.0,31135.0,35.0,0.0345917771258389,0.002,0.001,0.005816,0.002,0.001,0.005816,0.0008,0.0004,0.000994,0.000994,0.099128,0.0,0.725501,0.040289,0.00778,0.288858,43.3163,45.4682,26.5,0.26212,0.1,0.10484,0.04,-55.8665,12.220585319690299,12.220585319690299,0.0,0.0,0.0,0.0,0.0,0.0,0.0,0.0,0.0,0.0,0.0,0.0,0.0,0.0,0.0,0.0,0.0,0.0,3.0,5.0,4.244e-314,26.5,0.1306738829826273,1.2874128625966248,0.5457751464028039,2.0,0.253046,312.0,0.2711267871751169
71,71.0,71.0,71.0,71.0,144.0,25529.0,29.0,0.0304074686430915,0.002,0.001,0.002616,0.002,0.001,0.002616,0.0008,0.0004,0.002118,0.002118,0.092146,0.0,1.08173,0.030957,0.007221,0.228958,46.8924,83.0159,26.5,0.146,0.1,0.0583999999999999,0.04,-57.5428,7.986376448222537,7.986376448222537,0.0,0.0,0.0,0.0,0.0,0.0,0.0,0.0,0.0,0.0,0.0,0.0,0.0,0.0,0.0,0.0,0.0,0.0,3.0,5.0,6.47656e-314,28.0,0.0880402512654074,1.5691484671960785,0.1277730747399664,1.0,0.055982,256.0,0.6727515154309173
72,72.0,72.0,72.0,72.0,13.0,84656.0,56.0,0.0435586370869398,0.002,0.001,0.00393,0.002,0.001,0.00393,0.0008,0.0004,0.003412,0.003412,0.107105,0.0,0.673192,0.034349,0.007232,0.236506,44.8273,53.3471,26.5,0.0176,0.1,0.0070399999999999,0.04,-57.8994,7.799787982383845,7.799787982383845,0.0,0.0,0.0,0.0,0.0,0.0,0.0,0.0,0.0,0.0,0.0,0.0,0.0,0.0,0.0,0.0,0.0,0.0,3.0,5.0,6.44903e-314,25.5,0.1776112049109187,1.229438922232962,0.283785196723573,2.0,0.836254,847.0,0.0570910498305433
73,73.0,73.0,73.0,73.0,133.0,16929.0,29.0,0.0173423431200606,0.002,0.001,0.012546,0.002,0.001,0.012546,0.0008,0.0004,0.001608,0.001608,0.150022,0.0,0.826401,0.048194,0.005129,0.206697,42.8819,25.4254,26.5,0.48284,0.1,0.1931199999999999,0.04,-58.1414,12.8058989815758,12.8058989815758,0.0,0.0,0.0,0.0,0.0,0.0,0.0,0.0,0.0,0.0,0.0,0.0,0.0,0.0,0.0,0.0,0.0,0.0,3.0,5.0,6.43667e-314,32.0,0.1451101826034929,2.027685076413781,0.1666253883008864,1.0,0.09208,170.0,0.6370641599813553
74,74.0,74.0,74.0,74.0,194.0,99415.0,15.0,0.0311566433845259,0.002,0.001,0.01132,0.002,0.001,0.01132,0.0008,0.0004,0.00071,0.00071,0.129073,0.0,0.726824,0.045847,0.003711,0.183075,56.2391,66.5151,26.5,0.0354,0.1,0.0141599999999999,0.04,-54.7356,13.86186520495731,13.86186520495731,0.0,0.0,0.0,0.0,0.0,0.0,0.0,0.0,0.0,0.0,0.0,0.0,0.0,0.0,0.0,0.0,0.0,0.0,3.0,5.0,0.0,32.0,0.2325673658268328,1.92399400262828,2.23208251074186,2.0,0.356736,995.0,0.2906389407158214
75,75.0,75.0,75.0,75.0,184.0,59439.0,39.0,0.0182835496323871,0.002,0.001,0.001868,0.002,0.001,0.001868,0.0008,0.0004,0.002781,0.002781,0.141757,0.0,0.404357,0.070625,0.004126,0.331394,37.1422,19.0444,26.5,0.05444,0.1,0.02176,0.04,-59.0911,6.52737537823054,6.52737537823054,0.0,0.0,0.0,0.0,0.0,0.0,0.0,0.0,0.0,0.0,0.0,0.0,0.0,0.0,0.0,0.0,0.0,0.0,3.0,5.0,6.48381e-314,32.5,0.0685536210506779,1.786360669311127,-0.242806862930911,4.0,0.865813,595.0,0.8969086100815372
76,76.0,76.0,76.0,76.0,75.0,93708.0,8.0,0.027928901372557,0.002,0.001,0.010466,0.002,0.001,0.010466,0.0008,0.0004,0.001312,0.001312,0.140549,0.0,0.584407,0.024945,0.006876,0.206136,49.0341,44.5112,26.5,0.36608,0.1,0.14644,0.04,-57.4807,12.84701662265128,12.84701662265128,0.0,0.0,0.0,0.0,0.0,0.0,0.0,0.0,0.0,0.0,0.0,0.0,0.0,0.0,0.0,0.0,0.0,0.0,3.0,5.0,0.0,32.0,0.3154373125617935,2.395574695419638,0.8845138966676257,1.0,0.482783,938.0,0.7220315833329639
77,77.0,77.0,77.0,77.0,250.0,63637.0,37.0,0.0313066660610133,0.002,0.001,0.006424,0.002,0.001,0.006424,0.0008,0.0004,0.00269,0.00269,0.092693,0.0,0.54554,0.039026,0.002674,0.203173,29.6027,86.5829,26.5,0.03156,0.1,0.0126399999999999,0.04,-56.0317,9.872523136133516,9.872523136133516,0.0,0.0,0.0,0.0,0.0,0.0,0.0,0.0,0.0,0.0,0.0,0.0,0.0,0.0,0.0,0.0,0.0,0.0,3.0,5.0,6.41529e-314,31.0,0.1808825284589006,2.4929025556136453,0.1682569750243804,3.0,0.624473,637.0,0.0119394527825471
78,78.0,78.0,78.0,78.0,207.0,128975.0,75.0,0.0030442092532975,0.002,0.001,0.007358,0.002,0.001,0.007358,0.0008,0.0004,0.004925,0.004925,0.188191,0.0,0.336454,0.027608,0.012766,0.275473,26.7407,65.8028,26.5,0.55976,0.1,0.2239199999999999,0.04,-58.8547,8.513422506164607,8.513422506164607,0.0,0.0,0.0,0.0,0.0,0.0,0.0,0.0,0.0,0.0,0.0,0.0,0.0,0.0,0.0,0.0,0.0,0.0,3.0,5.0,6.47386e-314,33.5,0.1807972487384197,2.1794781308473308,0.1675019447442703,2.0,0.750017,1290.0,0.0340569063502249
79,79.0,79.0,79.0,79.0,79.0,20578.0,78.0,0.0203122933398743,0.002,0.001,0.007026,0.002,0.001,0.007026,0.0008,0.0004,0.006814,0.006814,0.130156,0.0,0.513414,0.032261,0.008408,0.211527,40.9378,29.8863,26.5,0.31952,0.1,0.1278,0.04,-54.6045,7.513027763880712,7.513027763880712,0.0,0.0,0.0,0.0,0.0,0.0,0.0,0.0,0.0,0.0,0.0,0.0,0.0,0.0,0.0,0.0,0.0,0.0,3.0,5.0,6.48101e-314,32.5,0.1368009224976859,2.4530725439727017,-0.0876444544208026,1.0,0.087791,206.0,0.5136713742257065
80,80.0,80.0,80.0,80.0,138.0,96115.0,15.0,0.0338386331252715,0.002,0.001,0.008228,0.002,0.001,0.008228,0.0008,0.0004,0.001135,0.001135,0.120866,0.0,0.518935,0.036423,0.006025,0.21723,37.2291,45.6106,26.5,0.52684,0.1,0.21072,0.04,-56.7504,12.665510197656138,12.665510197656138,0.0,0.0,0.0,0.0,0.0,0.0,0.0,0.0,0.0,0.0,0.0,0.0,0.0,0.0,0.0,0.0,0.0,0.0,3.0,5.0,0.0,31.5,0.2931477509335349,1.7655691548594232,1.0163686986550062,2.0,0.655368,962.0,0.4213341007946707
81,81.0,81.0,81.0,81.0,158.0,9189.0,89.0,0.0259464171445035,0.002,0.001,0.010406,0.002,0.001,0.010406,0.0008,0.0004,0.004993,0.004993,0.120139,0.0,1.16433,0.024393,0.007597,0.213285,27.5197,63.0301,26.5,0.32332,0.1,0.12932,0.04,-58.9148,9.475605004003961,9.475605004003961,0.0,0.0,0.0,0.0,0.0,0.0,0.0,0.0,0.0,0.0,0.0,0.0,0.0,0.0,0.0,0.0,0.0,0.0,3.0,5.0,6.41057e-314,31.5,0.0651286277666253,2.2394668665972626,-0.3359121239067497,1.0,0.093176,92.0,0.7848984599183965
82,82.0,82.0,82.0,82.0,132.0,119289.0,89.0,0.0281687854144877,0.002,0.001,0.001966,0.002,0.001,0.001966,0.0008,0.0004,0.001674,0.001674,0.136636,0.0,0.502742,0.049588,0.006761,0.275949,26.7491,63.6767,26.5,0.06016,0.1,0.02408,0.04,-55.8405,7.851322599491619,7.851322599491619,0.0,0.0,0.0,0.0,0.0,0.0,0.0,0.0,0.0,0.0,0.0,0.0,0.0,0.0,0.0,0.0,0.0,0.0,3.0,5.0,6.44485e-314,32.5,0.2045055192106342,2.689369749618939,0.5370644930032489,2.0,0.555882,1193.0,0.2528287999129441
83,83.0,83.0,83.0,83.0,0.0,19732.0,32.0,0.0167386894487821,0.002,0.001,0.008668,0.002,0.001,0.008668,0.0008,0.0004,0.002075,0.002075,0.158449,0.0,0.723412,0.026271,0.007702,0.233534,49.2477,71.356,26.5,0.38592,0.1,0.15436,0.04,-58.0718,11.41783179488019,11.41783179488019,0.0,0.0,0.0,0.0,0.0,0.0,0.0,0.0,0.0,0.0,0.0,0.0,0.0,0.0,0.0,0.0,0.0,0.0,3.0,5.0,4.11e-321,39.5,0.0766715227168098,3.644332199135401,-0.2227973154527783,1.0,0.08431,198.0,0.5343612712707303
84,84.0,84.0,84.0,84.0,21.0,25443.0,43.0,0.0229000341102148,0.002,0.001,0.002542,0.002,0.001,0.002542,0.0008,0.0004,0.000878,0.000878,0.225372,0.0,0.442529,0.02834,0.00633,0.091962,48.5021,66.1755,26.5,0.01604,0.1,0.0064,0.04,-55.4764,10.425705310156408,10.425705310156408,0.0,0.0,0.0,0.0,0.0,0.0,0.0,0.0,0.0,0.0,0.0,0.0,0.0,0.0,0.0,0.0,0.0,0.0,3.0,5.0,0.0,38.5,0.083824713697274,1.83541645798687,0.2693474609161878,1.0,0.094269,255.0,0.1099918947720538
85,85.0,85.0,85.0,85.0,126.0,20957.0,57.0,0.0216727242268004,0.002,0.001,0.007564,0.002,0.001,0.007564,0.0008,0.0004,0.001723,0.001723,0.163532,0.0,0.543443,0.021925,0.00766,0.236267,39.4812,49.9505,26.5,0.40812,0.1,0.16324,0.04,-58.8598,11.543523040815675,11.543523040815675,0.0,0.0,0.0,0.0,0.0,0.0,0.0,0.0,0.0,0.0,0.0,0.0,0.0,0.0,0.0,0.0,0.0,0.0,3.0,5.0,4.27993e-314,38.5,0.1547287809305919,2.9008020426940746,0.2174146481480354,3.0,0.285126,210.0,0.7638550149838144
86,86.0,86.0,86.0,86.0,107.0,58277.0,77.0,0.0291777018812542,0.002,0.001,0.009394,0.002,0.001,0.009394,0.0008,0.0004,0.006574,0.006574,0.153907,0.0,0.41488,0.030827,0.005368,0.214774,46.3523,60.8806,26.5,0.031,0.1,0.0124,0.04,-58.0415,8.388005137492254,8.388005137492254,0.0,0.0,0.0,0.0,0.0,0.0,0.0,0.0,0.0,0.0,0.0,0.0,0.0,0.0,0.0,0.0,0.0,0.0,3.0,5.0,4.24963e-314,36.5,0.1424745550572918,3.0555488648451834,0.1932374549772839,1.0,0.153801,583.0,0.2520979445632178
87,87.0,87.0,87.0,87.0,213.0,95852.0,52.0,0.0349820886760383,0.002,0.001,0.001886,0.002,0.001,0.001886,0.0008,0.0004,0.004574,0.004574,0.14785,0.0,1.42988,0.011452,0.003936,0.176148,60.2873,48.6699,26.5,0.01668,0.1,0.00668,0.04,-57.8802,5.67272915384508,5.67272915384508,0.0,0.0,0.0,0.0,0.0,0.0,0.0,0.0,0.0,0.0,0.0,0.0,0.0,0.0,0.0,0.0,0.0,0.0,3.0,5.0,6.4145e-314,40.5,0.2238928835907213,3.292203562395338,0.6560812727279477,2.0,0.491775,959.0,0.8738708289591678
88,88.0,88.0,88.0,88.0,175.0,118040.0,40.0,0.0303816347518753,0.002,0.001,0.006548,0.002,0.001,0.006548,0.0008,0.0004,0.000894,0.000894,0.12408,0.0,0.385039,0.01836,0.002122,0.261265,54.5383,61.9532,26.5,0.03812,0.1,0.01524,0.04,-58.0207,12.685558106485498,12.685558106485498,0.0,0.0,0.0,0.0,0.0,0.0,0.0,0.0,0.0,0.0,0.0,0.0,0.0,0.0,0.0,0.0,0.0,0.0,3.0,5.0,6.44043e-314,41.5,0.1824617230482969,3.010667342300574,0.3768542096945579,1.0,0.456195,1181.0,0.8904517805949197
89,89.0,89.0,89.0,89.0,101.0,93340.0,40.0,0.0328072556278804,0.002,0.001,0.01212,0.002,0.001,0.01212,0.0008,0.0004,0.002618,0.002618,0.132056,0.0,1.10826,0.050502,0.006803,0.249866,43.1129,56.1937,26.5,0.31676,0.1,0.12668,0.04,-54.3405,11.67527076260917,11.67527076260917,0.0,0.0,0.0,0.0,0.0,0.0,0.0,0.0,0.0,0.0,0.0,0.0,0.0,0.0,0.0,0.0,0.0,0.0,3.0,5.0,6.47465e-314,42.0,0.1244186243464976,2.289007232621262,0.0939736054834549,1.0,0.259688,934.0,0.7623487992561278
90,90.0,90.0,90.0,90.0,98.0,30834.0,34.0,0.0145784165350218,0.002,0.001,0.013078,0.002,0.001,0.013078,0.0008,0.0004,0.004953,0.004953,0.161999,0.0,0.533261,0.017662,0.006696,0.267969,48.4125,47.0551,26.5,0.0162,0.1,0.00648,0.04,-57.7648,10.162832531618418,10.162832531618418,0.0,0.0,0.0,0.0,0.0,0.0,0.0,0.0,0.0,0.0,0.0,0.0,0.0,0.0,0.0,0.0,0.0,0.0,3.0,5.0,6.47436e-314,43.5,0.0595513429711684,3.1161714535005176,-0.2500089866592993,3.0,0.326999,309.0,1.593704645053729
91,91.0,91.0,91.0,91.0,43.0,22936.0,36.0,0.0201494468790035,0.002,0.001,0.005026,0.002,0.001,0.005026,0.0008,0.0004,0.006249,0.006249,0.119885,0.0,0.603754,0.026203,0.003391,0.245675,31.5839,71.6209,26.5,0.191,0.1,0.0764,0.04,-56.1499,6.915819875179343,6.915819875179343,0.0,0.0,0.0,0.0,0.0,0.0,0.0,0.0,0.0,0.0,0.0,0.0,0.0,0.0,0.0,0.0,0.0,0.0,3.0,5.0,6.41236e-314,42.5,0.1352538554336306,2.8250276579076496,-0.2892408794346428,1.0,0.080172,230.0,0.9321730053842482
92,92.0,92.0,92.0,92.0,29.0,30834.0,34.0,0.0183195494939704,0.002,0.001,0.00949,0.002,0.001,0.00949,0.0008,0.0004,0.001109,0.001109,0.161999,0.0,0.533261,0.017662,0.006696,0.267969,48.4125,47.0551,26.5,0.0162,0.1,0.00648,0.04,-57.7648,12.97349887561532,12.97349887561532,0.0,0.0,0.0,0.0,0.0,0.0,0.0,0.0,0.0,0.0,0.0,0.0,0.0,0.0,0.0,0.0,0.0,0.0,3.0,5.0,6.47436e-314,43.5,0.0595513429711684,3.1161714535005176,-0.2500089866592993,3.0,0.326999,309.0,1.8548814497667747
93,93.0,93.0,93.0,93.0,74.0,28050.0,50.0,0.0345580186177652,0.002,0.001,0.001536,0.002,0.001,0.001536,0.0008,0.0004,0.003056,0.003056,0.131007,0.0,0.505387,0.003971,0.003638,0.236606,35.9801,84.8582,26.5,0.05588,0.1,0.02236,0.04,-57.2207,5.985153855705975,5.985153855705975,0.0,0.0,0.0,0.0,0.0,0.0,0.0,0.0,0.0,0.0,0.0,0.0,0.0,0.0,0.0,0.0,0.0,0.0,3.0,5.0,4.28503e-314,47.0,0.064768454020247,3.3994582458594382,0.1019253771532071,4.0,0.386341,281.0,1.511057950124905
94,94.0,94.0,94.0,94.0,233.0,27974.0,74.0,0.0209201952269224,0.002,0.001,0.007924,0.002,0.001,0.007924,0.0008,0.0004,0.003323,0.003323,0.163182,0.0,0.640246,0.020646,0.007536,0.271824,40.5003,39.2983,26.5,0.23744,0.1,0.095,0.04,-56.6186,9.86824827952557,9.86824827952557,0.0,0.0,0.0,0.0,0.0,0.0,0.0,0.0,0.0,0.0,0.0,0.0,0.0,0.0,0.0,0.0,0.0,0.0,3.0,5.0,6.44369e-314,49.0,0.0760891084400165,2.791802643144609,-0.2077910240091629,2.0,0.193907,280.0,14.465038356591313
95,95.0,95.0,95.0,95.0,39.0,61033.0,33.0,0.0224577232277586,0.002,0.001,0.007026,0.002,0.001,0.007026,0.0008,0.0004,0.006814,0.006814,0.175556,0.0,0.670649,0.028634,0.008212,0.289875,35.9476,85.1163,26.5,0.05904,0.1,0.02364,0.04,-55.0532,7.513027763880712,7.513027763880712,0.0,0.0,0.0,0.0,0.0,0.0,0.0,0.0,0.0,0.0,0.0,0.0,0.0,0.0,0.0,0.0,0.0,0.0,3.0,5.0,6.47963e-314,51.0,0.0478350131887942,4.170507715602191,-0.1916858745625423,1.0,0.089422,611.0,0.0774027578475705
96,96.0,96.0,96.0,96.0,238.0,26520.0,20.0,0.0278911274401553,0.002,0.001,0.015332,0.002,0.001,0.015332,0.0008,0.0004,0.00312,0.00312,0.138024,0.0,0.636181,0.024759,0.003806,0.300513,47.771,32.9172,26.5,0.39476,0.1,0.15792,0.04,-58.2612,11.819816181432735,11.819816181432735,0.0,0.0,0.0,0.0,0.0,0.0,0.0,0.0,0.0,0.0,0.0,0.0,0.0,0.0,0.0,0.0,0.0,0.0,3.0,5.0,6.47098e-314,53.5,0.0689942432579516,3.18614377365514,-0.113292180104619,1.0,0.053291,266.0,10.302219548349134
97,97.0,97.0,97.0,97.0,127.0,27748.0,48.0,0.0235289537478716,0.002,0.001,0.007548,0.002,0.001,0.007548,0.0008,0.0004,0.006069,0.006069,0.138138,0.0,0.75301,0.028231,0.000247,0.326825,39.5661,42.7387,26.5,0.26856,0.1,0.10744,0.04,-56.85,8.005072261446237,8.005072261446237,0.0,0.0,0.0,0.0,0.0,0.0,0.0,0.0,0.0,0.0,0.0,0.0,0.0,0.0,0.0,0.0,0.0,0.0,3.0,5.0,-1.7897600000000002e+53,59.5,0.1538792547065364,3.8514700819605134,0.6364131201471231,2.0,0.230728,278.0,5.512727041874575
98,98.0,98.0,98.0,98.0,89.0,74804.0,4.0,0.0333455477977317,0.002,0.001,0.011078,0.002,0.001,0.011078,0.0008,0.0004,0.00464,0.00464,0.096489,0.0,0.655395,0.04531,0.009221,0.16168,41.1366,52.1033,26.5,0.0416,0.1,0.01664,0.04,-55.8911,9.871788282488296,9.871788282488296,0.0,0.0,0.0,0.0,0.0,0.0,0.0,0.0,0.0,0.0,0.0,0.0,0.0,0.0,0.0,0.0,0.0,0.0,3.0,5.0,0.0,7.0,0.3495862436722388,-0.0164055077626972,1.627848448769258,3.0,0.952438,749.0,0.0177092187246343
99,99.0,99.0,99.0,99.0,232.0,53001.0,1.0,0.0296622186716847,0.002,0.001,0.010362,0.002,0.001,0.010362,0.0008,0.0004,0.004787,0.004787,0.184969,0.0,0.841696,0.035067,0.002342,0.202685,53.4131,73.3929,26.5,0.0148799999999999,0.1,0.00596,0.04,-55.3116,9.58626711424987,9.58626711424987,0.0,0.0,0.0,0.0,0.0,0.0,0.0,0.0,0.0,0.0,0.0,0.0,0.0,0.0,0.0,0.0,0.0,0.0,3.0,5.0,0.0,45.5,0.1150086247817101,3.779844018254624,0.0769729108986926,1.0,0.111707,531.0,1.6499267018700488
