,Unnamed: 0.6,Unnamed: 0.5,Unnamed: 0.4,Unnamed: 0.3,Unnamed: 0.2,Unnamed: 0.1,Unnamed: 0,gTON_STN_MEAN_nS_pF,gTON_STN_SIGMA,gTON_STN_THETA,gTON_CL_S_MEAN_nS_pF,gTON_CL_S_SIGMA,gTON_CL_S_THETA,gTON_CL_D_MEAN_nS_pF,gTON_CL_D_SIGMA,gTON_CL_D_THETA,gKCC2_S_nS_pF,gKCC2_D_nS_pF,gTRPC3_nS_pF,gHCN_nS_pF,gCA_nS_pF,gL_nS_pF,gSK_nS_pF,gNAP_nS_pF,gNAF_nS_pF,gKDR_nS_pF,gSD_nS,soma_noise_intensity,soma_noise_intensity_theta,dend_noise_intensity,dend_noise_intensity_theta,Eleak_mV,CL_in_S,CL_in_D,Iapp,Iapp_dend,gpe_stim,gpe_stim_freqs,gpe_poisson,W_gpe,gpe_start_time,gpe_base_length,gpe_stim_length,gpe_post_length,str_stim,str_stim_freqs,str_poisson,W_str,str_start_time,str_base_length,str_stim_length,str_post_length,tausyn,tauexc,tausyn_dend,pre_exp_fr,pre_exp_cv,pre_exp_fr_zscore,pre_exp_cv_zscore,connections,total_weight,sim,rel_error
0,0.0,0.0,0.0,0.0,96.0,92307.0,7.0,0.0221034601992573,0.02,0.001,0.0167178,0.02,0.001,0.0167178,0.008,0.0004,0.004207,0.004207,0.076186,0.0,1.06154,0.035062,0.008455,0.128097,39.7854,27.1872,26.5,0.038584,0.1,0.015432,0.04,-57.8084,11.28903594345683,11.28903594345683,0.0,0.0,0.0,0.0,0.0,0.0,0.0,0.0,0.0,0.0,0.0,0.0,0.0,0.0,0.0,0.0,0.0,0.0,3.0,5.0,0.0,4.0,0.1035066399256608,-0.3414357566149363,0.021572847003538,1.0,0.236075,924.0,0.0152651620365879
1,1.0,1.0,1.0,1.0,150.0,78859.0,59.0,0.0393076979418629,0.02,0.001,0.0059109,0.02,0.001,0.0059109,0.008,0.0004,0.001078,0.001078,0.09451,0.0,0.533496,0.03053,0.007169,0.115043,12.8204,60.4706,26.5,0.008768,0.1,0.003504,0.04,-55.5179,12.075389541921066,12.075389541921066,0.0,0.0,0.0,0.0,0.0,0.0,0.0,0.0,0.0,0.0,0.0,0.0,0.0,0.0,0.0,0.0,0.0,0.0,3.0,5.0,6.48281e-314,3.0,0.3560571026154536,-0.90280820983851,1.1003922868336986,2.0,0.651833,789.0,0.0776641284698416
2,2.0,2.0,2.0,2.0,210.0,118476.0,76.0,0.0267291730833483,0.02,0.001,0.0074664,0.02,0.001,0.0074664,0.008,0.0004,0.001063,0.001063,0.057962,0.0,0.675808,0.043778,0.00805,0.169077,19.2961,52.2104,26.5,0.008496,0.1,0.0034,0.04,-56.3618,12.603244936924115,12.603244936924115,0.0,0.0,0.0,0.0,0.0,0.0,0.0,0.0,0.0,0.0,0.0,0.0,0.0,0.0,0.0,0.0,0.0,0.0,3.0,5.0,6.40663e-314,4.5,0.3945991857359928,-0.5907453937081006,1.016948331832718,2.0,0.924156,1185.0,0.0424577275202442
3,3.0,3.0,3.0,3.0,120.0,103267.0,67.0,0.0269864022260877,0.02,0.001,0.0020094,0.02,0.001,0.0020094,0.008,0.0004,0.007741,0.007741,0.09207,0.0,0.810504,0.043855,0.008438,0.192658,34.6124,54.8244,26.5,0.007768,0.1,0.003112,0.04,-58.3522,5.1065282377960415,5.1065282377960415,0.0,0.0,0.0,0.0,0.0,0.0,0.0,0.0,0.0,0.0,0.0,0.0,0.0,0.0,0.0,0.0,0.0,0.0,3.0,5.0,4.26895e-314,3.0,0.2462019474422914,-1.2643904176053913,0.5350486046522148,2.0,0.864421,1033.0,0.0570580155796216
4,4.0,4.0,4.0,4.0,108.0,40340.0,40.0,0.0234343873132723,0.02,0.001,0.0088077,0.02,0.001,0.0088077,0.008,0.0004,0.004787,0.004787,0.097175,0.0,0.670463,0.05095,0.009722,0.164694,36.7917,51.0825,26.5,0.084984,0.1,0.033992,0.04,-58.5843,9.11213400600428,9.11213400600428,0.0,0.0,0.0,0.0,0.0,0.0,0.0,0.0,0.0,0.0,0.0,0.0,0.0,0.0,0.0,0.0,0.0,0.0,3.0,5.0,6.47676e-314,4.0,0.1255235477773912,-0.9693743240202708,-0.4991599899044349,3.0,0.678953,404.0,0.0031166807798857
5,5.0,5.0,5.0,5.0,234.0,133404.0,4.0,0.016485051883105,0.02,0.001,0.0041667,0.02,0.001,0.0041667,0.008,0.0004,0.001215,0.001215,0.073117,0.0,0.431631,0.05657,0.009046,0.201649,52.7922,43.0445,26.5,0.004736,0.1,0.001896,0.04,-57.4641,10.89648985035247,10.89648985035247,0.0,0.0,0.0,0.0,0.0,0.0,0.0,0.0,0.0,0.0,0.0,0.0,0.0,0.0,0.0,0.0,0.0,0.0,3.0,5.0,0.0,5.0,0.2721036955415562,-0.3899621993739819,0.826815183283352,2.0,0.7956460000000001,1335.0,0.0008177599215028
6,6.0,6.0,6.0,6.0,23.0,66110.0,10.0,0.0186015410800389,0.02,0.001,0.0095863,0.02,0.001,0.0095863,0.008,0.0004,0.001179,0.001179,0.100318,0.0,1.19935,0.015899,0.010233,0.210238,29.0481,18.641,26.5,0.10852,0.1,0.043408,0.04,-56.5581,12.881969408287814,12.881969408287814,0.0,0.0,0.0,0.0,0.0,0.0,0.0,0.0,0.0,0.0,0.0,0.0,0.0,0.0,0.0,0.0,0.0,0.0,3.0,5.0,1e-323,3.5,0.0872836680596964,-0.5687580516638726,-0.2804324911293014,3.0,0.71033,662.0,0.0382155270387607
7,7.0,7.0,7.0,7.0,185.0,81528.0,28.0,0.0354530065134073,0.02,0.001,0.0019278,0.02,0.001,0.0019278,0.008,0.0004,0.003553,0.003553,0.11312,0.0,0.548279,0.036129,0.009109,0.134614,32.0256,51.2327,26.5,0.081792,0.1,0.03272,0.04,-59.4177,6.118274684909474,6.118274684909474,0.0,0.0,0.0,0.0,0.0,0.0,0.0,0.0,0.0,0.0,0.0,0.0,0.0,0.0,0.0,0.0,0.0,0.0,3.0,5.0,4.82e-321,4.0,0.2502248238373493,-0.5753229731691537,0.6737822922654476,2.0,0.622449,816.0,0.0254303052102637
8,8.0,8.0,8.0,8.0,188.0,58164.0,64.0,0.0416755801279423,0.02,0.001,0.0023562,0.02,0.001,0.0023562,0.008,0.0004,0.006802,0.006802,0.074683,0.0,0.636782,0.044076,0.010724,0.15529,50.4488,63.0627,26.5,0.061384,0.1,0.024552,0.04,-60.5303,5.43416695899326,5.43416695899326,0.0,0.0,0.0,0.0,0.0,0.0,0.0,0.0,0.0,0.0,0.0,0.0,0.0,0.0,0.0,0.0,0.0,0.0,3.0,5.0,3.14384e-319,3.0,0.1471589176676803,-0.7329459941620562,0.0061029771133743,2.0,0.090351,582.0,0.0240742555080489
9,9.0,9.0,9.0,9.0,15.0,103745.0,45.0,0.0338129118962839,0.02,0.001,0.007752,0.02,0.001,0.007752,0.008,0.0004,0.004858,0.004858,0.10326,0.0,0.677797,0.039555,0.008847,0.149091,38.5793,40.4266,26.5,0.086944,0.1,0.034776,0.04,-57.1206,8.700900881529591,8.700900881529591,0.0,0.0,0.0,0.0,0.0,0.0,0.0,0.0,0.0,0.0,0.0,0.0,0.0,0.0,0.0,0.0,0.0,0.0,3.0,5.0,0.0,8.5,0.2896728434639072,0.0929826880266719,1.1388045429097051,1.0,0.40011,1038.0,0.007382733772461
10,10.0,10.0,10.0,10.0,151.0,75615.0,15.0,0.0463226536912182,0.02,0.001,0.0083538,0.02,0.001,0.0083538,0.008,0.0004,0.012083,0.012083,0.122829,0.0,0.51575,0.049081,0.008338,0.211983,43.2186,56.8005,26.5,0.009368,0.1,0.003752,0.04,-56.6847,6.586964380716451,6.586964380716451,0.0,0.0,0.0,0.0,0.0,0.0,0.0,0.0,0.0,0.0,0.0,0.0,0.0,0.0,0.0,0.0,0.0,0.0,3.0,5.0,0.0,9.0,0.3725361130790491,-0.1477942860075781,0.9943932815425996,3.0,0.872954,757.0,0.0084398847678001
11,11.0,11.0,11.0,11.0,82.0,102829.0,29.0,0.0337803614530684,0.02,0.001,0.0042721,0.02,0.001,0.0042721,0.008,0.0004,0.003514,0.003514,0.083728,0.0,0.74875,0.038174,0.008076,0.20181,44.032,46.6504,26.5,0.007736,0.1,0.003096,0.04,-57.1775,7.943737757777037,7.943737757777037,0.0,0.0,0.0,0.0,0.0,0.0,0.0,0.0,0.0,0.0,0.0,0.0,0.0,0.0,0.0,0.0,0.0,0.0,3.0,5.0,6.4009e-314,8.5,0.3493440392379997,0.0012781716040662,1.123857853601901,3.0,1.211377,1029.0,0.0070973463348527
12,12.0,12.0,12.0,12.0,193.0,19149.0,49.0,0.0390333700754061,0.02,0.001,0.0045747,0.02,0.001,0.0045747,0.008,0.0004,0.000959,0.000959,0.128077,0.0,0.846194,0.031748,0.01435,0.236351,32.1249,56.4262,26.5,0.10984,0.1,0.043936,0.04,-57.784,11.748316729553805,11.748316729553805,0.0,0.0,0.0,0.0,0.0,0.0,0.0,0.0,0.0,0.0,0.0,0.0,0.0,0.0,0.0,0.0,0.0,0.0,3.0,5.0,6.41663e-314,9.0,0.3542399154597326,-0.0632888037083952,0.933455787648628,3.0,0.359607,192.0,0.0143051857809303
13,13.0,13.0,13.0,13.0,167.0,42252.0,52.0,0.0373069397086828,0.02,0.001,0.0076092,0.02,0.001,0.0076092,0.008,0.0004,0.003199,0.003199,0.112891,0.0,0.732641,0.044424,0.00803,0.146116,44.1692,53.0108,26.5,0.007944,0.1,0.003176,0.04,-57.7285,9.860960822291275,9.860960822291275,0.0,0.0,0.0,0.0,0.0,0.0,0.0,0.0,0.0,0.0,0.0,0.0,0.0,0.0,0.0,0.0,0.0,0.0,3.0,5.0,6.41321e-314,8.5,0.494507504299548,-0.1418973249540882,1.3162429017963329,2.0,0.240822,423.0,0.0083864631114698
14,14.0,14.0,14.0,14.0,227.0,60156.0,56.0,0.0280606829390705,0.02,0.001,0.0042721,0.02,0.001,0.0042721,0.008,0.0004,0.006249,0.006249,0.150961,0.0,0.570899,0.041789,0.009499,0.079895,50.0191,38.9132,26.5,0.06196,0.1,0.024784,0.04,-59.3904,6.563649542600654,6.563649542600654,0.0,0.0,0.0,0.0,0.0,0.0,0.0,0.0,0.0,0.0,0.0,0.0,0.0,0.0,0.0,0.0,0.0,0.0,3.0,5.0,6.41221e-314,7.5,0.5112738888052302,-0.1979918135255788,1.986303113612099,0.0,0.0,602.0,0.0112690673663411
15,15.0,15.0,15.0,15.0,97.0,102394.0,94.0,0.0407326754531981,0.02,0.001,0.0048807,0.02,0.001,0.0048807,0.008,0.0004,0.003891,0.003891,0.112145,0.0,0.707563,0.03049,0.010409,0.17571,36.0426,54.3682,26.5,0.075312,0.1,0.030128,0.04,-60.7226,8.028198283495646,8.028198283495646,0.0,0.0,0.0,0.0,0.0,0.0,0.0,0.0,0.0,0.0,0.0,0.0,0.0,0.0,0.0,0.0,0.0,0.0,3.0,5.0,6.47327e-314,8.0,0.2531674228492009,-0.218622931393375,0.5495789551185586,1.0,0.375307,1024.0,0.0039239489357266
16,16.0,16.0,16.0,16.0,241.0,88926.0,26.0,0.039017296599257,0.02,0.001,0.0115838,0.02,0.001,0.0115838,0.008,0.0004,0.004,0.004,0.063839,0.0,0.470485,0.027191,0.009969,0.186572,47.0454,20.4499,26.5,0.076256,0.1,0.030504,0.04,-58.4085,10.42642263581659,10.42642263581659,0.0,0.0,0.0,0.0,0.0,0.0,0.0,0.0,0.0,0.0,0.0,0.0,0.0,0.0,0.0,0.0,0.0,0.0,3.0,5.0,4.11e-321,5.5,0.4658087204834373,-0.4470508676769117,1.5797431871171563,2.0,0.538683,890.0,0.0012526008217884
17,17.0,17.0,17.0,17.0,242.0,101264.0,64.0,0.0340642125133119,0.02,0.001,0.0061064,0.02,0.001,0.0061064,0.008,0.0004,0.005783,0.005783,0.098683,0.0,0.710446,0.042193,0.009053,0.158258,31.4235,53.4951,26.5,0.00856,0.1,0.003424,0.04,-58.816,7.573626280762088,7.573626280762088,0.0,0.0,0.0,0.0,0.0,0.0,0.0,0.0,0.0,0.0,0.0,0.0,0.0,0.0,0.0,0.0,0.0,0.0,3.0,5.0,3.14384e-319,6.5,0.1179341149823996,-0.7103791575335612,-0.3601692531625181,1.0,0.354322,1013.0,0.0036510233765261
18,18.0,18.0,18.0,18.0,44.0,120838.0,38.0,0.0370818316599894,0.02,0.001,0.0080614,0.02,0.001,0.0080614,0.008,0.0004,0.003392,0.003392,0.124585,0.0,1.14184,0.023016,0.009319,0.186819,29.6224,43.9336,26.5,0.009584,0.1,0.003832,0.04,-57.5248,9.858484457647787,9.858484457647787,0.0,0.0,0.0,0.0,0.0,0.0,0.0,0.0,0.0,0.0,0.0,0.0,0.0,0.0,0.0,0.0,0.0,0.0,3.0,5.0,4.27978e-314,13.0,0.2656944401746637,0.4747132992542164,0.6714451026462563,2.0,0.858376,1209.0,0.0233075898357955
19,19.0,19.0,19.0,19.0,59.0,110357.0,57.0,0.015335565189166,0.02,0.001,0.0069938,0.02,0.001,0.0069938,0.008,0.0004,0.001135,0.001135,0.092656,0.0,0.697925,0.024272,0.009788,0.18375,32.4448,32.8596,26.5,0.0784,0.1,0.03136,0.04,-57.757,12.33289661453407,12.33289661453407,0.0,0.0,0.0,0.0,0.0,0.0,0.0,0.0,0.0,0.0,0.0,0.0,0.0,0.0,0.0,0.0,0.0,0.0,3.0,5.0,4.26391e-314,13.5,0.2518934281777235,0.7180236346487233,0.2727755679555085,1.0,0.449987,1104.0,0.0185065540179815
20,20.0,20.0,20.0,20.0,216.0,12499.0,99.0,0.0348534403845674,0.02,0.001,0.0016099,0.02,0.001,0.0016099,0.008,0.0004,0.00083,0.00083,0.090098,0.0,0.738179,0.040877,0.00875,0.174312,43.957,30.5623,26.5,0.005672,0.1,0.002272,0.04,-56.1126,9.265866759799327,9.265866759799327,0.0,0.0,0.0,0.0,0.0,0.0,0.0,0.0,0.0,0.0,0.0,0.0,0.0,0.0,0.0,0.0,0.0,0.0,3.0,5.0,2.12725e-314,11.5,0.1682809982308427,0.3461069019321245,0.0153514841665969,1.0,0.115171,125.0,0.0807423050556524
21,21.0,21.0,21.0,21.0,141.0,24121.0,21.0,0.0356419794426288,0.02,0.001,0.0145571,0.02,0.001,0.0145571,0.008,0.0004,0.001556,0.001556,0.111692,0.0,0.785676,0.037941,0.011605,0.242746,37.1989,36.0446,26.5,0.057104,0.1,0.02284,0.04,-56.0436,13.12609273696303,13.12609273696303,0.0,0.0,0.0,0.0,0.0,0.0,0.0,0.0,0.0,0.0,0.0,0.0,0.0,0.0,0.0,0.0,0.0,0.0,3.0,5.0,4.25267e-314,13.5,0.1086859170487177,0.337601707425912,-0.1698934610330177,1.0,0.059864,242.0,0.2015567140014074
22,22.0,22.0,22.0,22.0,237.0,44481.0,81.0,0.03353527392657,0.02,0.001,0.0075038,0.02,0.001,0.0075038,0.008,0.0004,0.008212,0.008212,0.125992,0.0,0.801517,0.037433,0.011333,0.164652,37.3136,48.2578,26.5,0.008008,0.1,0.0032,0.04,-57.384,7.214096275464191,7.214096275464191,0.0,0.0,0.0,0.0,0.0,0.0,0.0,0.0,0.0,0.0,0.0,0.0,0.0,0.0,0.0,0.0,0.0,0.0,3.0,5.0,4.28315e-314,15.0,0.1286359399524383,0.5543494569256167,-0.0830401857068401,1.0,0.240077,445.0,0.2031112524401148
23,23.0,23.0,23.0,23.0,53.0,48753.0,53.0,0.0331216690283761,0.02,0.001,0.0117538,0.02,0.001,0.0117538,0.008,0.0004,0.006302,0.006302,0.111264,0.0,0.852243,0.040624,0.009713,0.200049,35.7295,56.1758,26.5,0.100888,0.1,0.040352,0.04,-56.438,9.15166513270713,9.15166513270713,0.0,0.0,0.0,0.0,0.0,0.0,0.0,0.0,0.0,0.0,0.0,0.0,0.0,0.0,0.0,0.0,0.0,0.0,3.0,5.0,4.27795e-314,13.5,0.2462504730532058,0.9941600150440252,0.7465597095503389,1.0,0.233031,488.0,0.1349094102179775
24,24.0,24.0,24.0,24.0,28.0,76101.0,1.0,0.0134751164946446,0.02,0.001,0.0014093,0.02,0.001,0.0014093,0.008,0.0004,0.003182,0.003182,0.139255,0.0,0.959344,0.03745,0.011965,0.176048,35.9093,46.1476,26.5,0.089392,0.1,0.03576,0.04,-58.5398,5.780334674817877,5.780334674817877,0.0,0.0,0.0,0.0,0.0,0.0,0.0,0.0,0.0,0.0,0.0,0.0,0.0,0.0,0.0,0.0,0.0,0.0,3.0,5.0,0.0,15.0,0.1151673104546604,0.7673168766386821,-0.6258785066599097,1.0,0.236578,762.0,0.0530191944756597
25,25.0,25.0,25.0,25.0,181.0,4182.0,82.0,0.021808750298494,0.02,0.001,0.0071264,0.02,0.001,0.0071264,0.008,0.0004,0.000601,0.000601,0.088918,0.0,0.70937,0.037866,0.008004,0.191805,39.1543,56.2533,26.5,0.09104,0.1,0.036416,0.04,-57.9234,13.489051972717645,13.489051972717645,0.0,0.0,0.0,0.0,0.0,0.0,0.0,0.0,0.0,0.0,0.0,0.0,0.0,0.0,0.0,0.0,0.0,0.0,3.0,5.0,6.47758e-314,10.5,0.176292471497847,0.5799926735248576,-0.2080246074023296,1.0,0.102979,42.0,0.0207079786065759
26,26.0,26.0,26.0,26.0,164.0,21758.0,58.0,0.032672241753174,0.02,0.001,0.0069904,0.02,0.001,0.0069904,0.008,0.0004,0.002897,0.002897,0.08992,0.0,0.39715,0.029465,0.011572,0.167639,30.68,25.5915,26.5,0.072,0.1,0.0288,0.04,-55.3313,9.902609294757944,9.902609294757944,0.0,0.0,0.0,0.0,0.0,0.0,0.0,0.0,0.0,0.0,0.0,0.0,0.0,0.0,0.0,0.0,0.0,0.0,3.0,5.0,6.44129e-314,12.5,0.1473167305482114,0.159284051568527,0.1393797118326423,1.0,0.065065,218.0,0.0847959576522426
27,27.0,27.0,27.0,27.0,154.0,78338.0,38.0,0.0311732390336852,0.02,0.001,0.005899,0.02,0.001,0.005899,0.008,0.0004,0.004276,0.004276,0.125749,0.0,0.940776,0.048429,0.010012,0.17853,37.8195,45.6847,26.5,0.084152,0.1,0.033664,0.04,-58.1594,8.289722040321985,8.289722040321985,0.0,0.0,0.0,0.0,0.0,0.0,0.0,0.0,0.0,0.0,0.0,0.0,0.0,0.0,0.0,0.0,0.0,0.0,3.0,5.0,4.28057e-314,12.5,0.0584414759591098,0.4138199439413568,-0.9554411060123882,0.0,0.0,784.0,0.1349879172091372
28,28.0,28.0,28.0,28.0,147.0,15971.0,71.0,0.0207503530888321,0.02,0.001,0.0167178,0.02,0.001,0.0167178,0.008,0.0004,0.004207,0.004207,0.130229,0.0,0.845157,0.039258,0.009076,0.160524,32.49,37.8645,26.5,0.098096,0.1,0.03924,0.04,-57.7729,11.28903594345683,11.28903594345683,0.0,0.0,0.0,0.0,0.0,0.0,0.0,0.0,0.0,0.0,0.0,0.0,0.0,0.0,0.0,0.0,0.0,0.0,3.0,5.0,4.26683e-314,13.5,0.1779471608211121,0.6892917961675734,-0.0043208840240037,1.0,0.109984,160.0,0.0582987287684869
29,29.0,29.0,29.0,29.0,117.0,43588.0,88.0,0.0273654262108595,0.02,0.001,0.0022236,0.02,0.001,0.0022236,0.008,0.0004,0.002118,0.002118,0.107309,0.0,0.713701,0.031538,0.009261,0.168477,38.2209,67.9345,26.5,0.081352,0.1,0.032544,0.04,-58.4093,7.558895700595461,7.558895700595461,0.0,0.0,0.0,0.0,0.0,0.0,0.0,0.0,0.0,0.0,0.0,0.0,0.0,0.0,0.0,0.0,0.0,0.0,3.0,5.0,6.47618e-314,12.5,0.2725913473417835,0.4052866646416463,0.5846549612211338,3.0,0.484799,436.0,0.0081467649532005
30,30.0,30.0,30.0,30.0,100.0,51325.0,25.0,0.0254307666465764,0.02,0.001,0.004794,0.02,0.001,0.004794,0.008,0.0004,0.001984,0.001984,0.097294,0.0,0.836457,0.035442,0.00818,0.234311,47.1377,34.9947,26.5,0.085392,0.1,0.03416,0.04,-57.4764,9.906637481384495,9.906637481384495,0.0,0.0,0.0,0.0,0.0,0.0,0.0,0.0,0.0,0.0,0.0,0.0,0.0,0.0,0.0,0.0,0.0,0.0,3.0,5.0,4.24871e-314,17.5,0.071393661661821,0.9273051512233712,-0.2150871085656453,2.0,0.359348,514.0,1.4638934538368948
31,31.0,31.0,31.0,31.0,64.0,111143.0,43.0,0.027459367565898,0.02,0.001,0.0082637,0.02,0.001,0.0082637,0.008,0.0004,0.00043,0.00043,0.135558,0.0,0.925473,0.0365,0.009581,0.188346,40.5837,50.866,26.5,0.077256,0.1,0.030904,0.04,-57.8781,14.055991471519281,14.055991471519281,0.0,0.0,0.0,0.0,0.0,0.0,0.0,0.0,0.0,0.0,0.0,0.0,0.0,0.0,0.0,0.0,0.0,0.0,3.0,5.0,0.0,17.0,0.2933701528645736,1.156987173353478,0.6452197602342306,3.0,1.17067,1112.0,0.0995130480478412
32,32.0,32.0,32.0,32.0,174.0,20838.0,38.0,0.0267402785553746,0.02,0.001,0.0088281,0.02,0.001,0.0088281,0.008,0.0004,0.002016,0.002016,0.120055,0.0,0.488331,0.035333,0.005687,0.145345,42.9498,64.2633,26.5,0.012504,0.1,0.005,0.04,-56.3019,11.537230423007315,11.537230423007315,0.0,0.0,0.0,0.0,0.0,0.0,0.0,0.0,0.0,0.0,0.0,0.0,0.0,0.0,0.0,0.0,0.0,0.0,3.0,5.0,4.25246e-314,20.0,0.1050262684824146,1.0535514261330068,0.3048108901683382,1.0,0.117489,209.0,0.4910047883491287
33,33.0,33.0,33.0,33.0,136.0,110112.0,12.0,0.0331447543033755,0.02,0.001,0.0130951,0.02,0.001,0.0130951,0.008,0.0004,0.002386,0.002386,0.082425,0.0,0.792463,0.033469,0.007038,0.20253,30.4112,65.3785,26.5,0.107888,0.1,0.04316,0.04,-55.7178,12.077500287466195,12.077500287466195,0.0,0.0,0.0,0.0,0.0,0.0,0.0,0.0,0.0,0.0,0.0,0.0,0.0,0.0,0.0,0.0,0.0,0.0,3.0,5.0,4.24872e-314,16.0,0.1615070143926313,1.073567328717819,-0.4329091246901124,1.0,0.347311,1102.0,0.0782184371885927
34,34.0,34.0,34.0,34.0,6.0,133880.0,80.0,0.0377062978028173,0.02,0.001,0.0017221,0.02,0.001,0.0017221,0.008,0.0004,0.000369,0.000369,0.080924,0.0,0.74922,0.040325,0.004993,0.209732,37.7276,66.9902,26.5,0.008192,0.1,0.003272,0.04,-57.7179,11.69500591212723,11.69500591212723,0.0,0.0,0.0,0.0,0.0,0.0,0.0,0.0,0.0,0.0,0.0,0.0,0.0,0.0,0.0,0.0,0.0,0.0,3.0,5.0,6.40895e-314,15.5,0.2106031978024833,1.0828414807602111,0.652516487392647,1.0,0.355689,1339.0,0.0356893106077791
35,35.0,35.0,35.0,35.0,153.0,11941.0,41.0,0.0367355528487546,0.02,0.001,0.0051816,0.02,0.001,0.0051816,0.008,0.0004,0.003785,0.003785,0.121019,0.0,0.838432,0.045594,0.005488,0.161376,38.2499,51.8679,26.5,0.056,0.1,0.0224,0.04,-56.6927,8.268327910799034,8.268327910799034,0.0,0.0,0.0,0.0,0.0,0.0,0.0,0.0,0.0,0.0,0.0,0.0,0.0,0.0,0.0,0.0,0.0,0.0,3.0,5.0,6.41353e-314,18.0,0.1816544079224633,1.6644621754098936,-0.0315568059334071,2.0,0.185615,120.0,0.1485121269402699
36,36.0,36.0,36.0,36.0,58.0,95750.0,50.0,0.0100295597321217,0.02,0.001,0.0033388,0.02,0.001,0.0033388,0.008,0.0004,0.002108,0.002108,0.138017,0.0,0.390733,0.041416,0.013887,0.204617,45.5526,110.872,26.5,0.074424,0.1,0.029768,0.04,-56.2134,8.679583645378123,8.679583645378123,0.0,0.0,0.0,0.0,0.0,0.0,0.0,0.0,0.0,0.0,0.0,0.0,0.0,0.0,0.0,0.0,0.0,0.0,3.0,5.0,4.28302e-314,16.5,0.1419474178626409,0.6785160029886479,0.2346507782557349,1.0,0.342883,958.0,0.1789362305263595
37,37.0,37.0,37.0,37.0,106.0,99932.0,32.0,0.029306502542542,0.02,0.001,0.0010285,0.02,0.001,0.0010285,0.008,0.0004,0.00242,0.00242,0.093152,0.0,0.986125,0.034571,0.007958,0.163289,66.2249,46.8559,26.5,0.100472,0.1,0.040184,0.04,-56.2852,5.717558812686737,5.717558812686737,0.0,0.0,0.0,0.0,0.0,0.0,0.0,0.0,0.0,0.0,0.0,0.0,0.0,0.0,0.0,0.0,0.0,0.0,3.0,5.0,4.11e-321,15.5,0.0667752753141813,0.5552429848276906,-0.4034642824436762,2.0,0.342194,1000.0,0.5631404994654995
38,38.0,38.0,38.0,38.0,25.0,52061.0,61.0,0.023386360663122,0.02,0.001,0.0034646,0.02,0.001,0.0034646,0.008,0.0004,0.00747,0.00747,0.14256,0.0,0.703476,0.035929,0.012077,0.235237,48.4711,39.5731,26.5,0.008864,0.1,0.003544,0.04,-57.6756,5.852840175720941,5.852840175720941,0.0,0.0,0.0,0.0,0.0,0.0,0.0,0.0,0.0,0.0,0.0,0.0,0.0,0.0,0.0,0.0,0.0,0.0,3.0,5.0,4.24578e-314,17.5,0.1212918359806188,0.8355966076641852,-0.008591356566217,3.0,0.562552,521.0,0.0762843806492614
39,39.0,39.0,39.0,39.0,168.0,22510.0,10.0,0.0346333569177512,0.02,0.001,0.0076296,0.02,0.001,0.0076296,0.008,0.0004,0.001561,0.001561,0.117755,0.0,0.784945,0.047659,0.004951,0.221608,42.3168,77.2786,26.5,0.096528,0.1,0.038616,0.04,-59.6367,11.806886232231067,11.806886232231067,0.0,0.0,0.0,0.0,0.0,0.0,0.0,0.0,0.0,0.0,0.0,0.0,0.0,0.0,0.0,0.0,0.0,0.0,3.0,5.0,1e-323,18.0,0.186832725330805,1.08509837977487,0.3470558812825028,3.0,0.276453,226.0,0.0102339257310967
40,40.0,40.0,40.0,40.0,73.0,39589.0,89.0,0.031628638979412,0.02,0.001,0.0033184,0.02,0.001,0.0033184,0.008,0.0004,0.000745,0.000745,0.119861,0.0,0.640606,0.043145,0.008728,0.179124,39.4158,61.6277,26.5,0.08708,0.1,0.034832,0.04,-56.4306,11.579822604609395,11.579822604609395,0.0,0.0,0.0,0.0,0.0,0.0,0.0,0.0,0.0,0.0,0.0,0.0,0.0,0.0,0.0,0.0,0.0,0.0,3.0,5.0,6.4836e-314,16.5,0.0348615106904905,3.1660549597670338,-1.12966557560905,0.0,0.0,396.0,0.069549981209136
41,41.0,41.0,41.0,41.0,196.0,29385.0,85.0,0.0402281375795693,0.02,0.001,0.0015861,0.02,0.001,0.0015861,0.008,0.0004,0.004022,0.004022,0.088568,0.0,0.155552,0.063561,0.006196,0.307796,45.8005,30.1618,26.5,0.134048,0.1,0.053624,0.04,-58.2055,5.608569404020641,5.608569404020641,0.0,0.0,0.0,0.0,0.0,0.0,0.0,0.0,0.0,0.0,0.0,0.0,0.0,0.0,0.0,0.0,0.0,0.0,3.0,5.0,4.28613e-314,19.0,0.094734079824588,0.8547044989626471,0.0354665461053231,1.0,0.046283,294.0,0.1168733244910537
42,42.0,42.0,42.0,42.0,239.0,54171.0,71.0,0.025282069049664,0.02,0.001,0.0021828,0.02,0.001,0.0021828,0.008,0.0004,0.006092,0.006092,0.086703,0.0,0.757437,0.047023,0.008423,0.238566,37.1965,43.9126,26.5,0.031088,0.1,0.012432,0.04,-55.2576,5.477908248552701,5.477908248552701,0.0,0.0,0.0,0.0,0.0,0.0,0.0,0.0,0.0,0.0,0.0,0.0,0.0,0.0,0.0,0.0,0.0,0.0,3.0,5.0,4.25013e-314,17.0,0.2551930429600363,0.6842125529378563,0.3845225225913471,1.0,0.247097,542.0,0.0096527334420856
43,43.0,43.0,43.0,43.0,65.0,1637.0,37.0,0.0231660603020076,0.02,0.001,0.0016354,0.02,0.001,0.0016354,0.008,0.0004,0.002667,0.002667,0.102979,0.0,0.775702,0.036539,0.007708,0.190411,37.6325,51.6385,26.5,0.008592,0.1,0.003432,0.04,-56.6463,6.3459134454244,6.3459134454244,0.0,0.0,0.0,0.0,0.0,0.0,0.0,0.0,0.0,0.0,0.0,0.0,0.0,0.0,0.0,0.0,0.0,0.0,3.0,5.0,6.44194e-314,20.0,0.0555996112502787,1.760447756732656,-0.6217116483870918,1.0,0.070577,17.0,0.5712402052849128
44,44.0,44.0,44.0,44.0,48.0,972.0,72.0,0.034893175360968,0.02,0.001,0.003638,0.02,0.001,0.003638,0.008,0.0004,0.000796,0.000796,0.118853,0.0,0.671788,0.039536,0.009775,0.159926,35.6932,45.2528,26.5,0.074888,0.1,0.029952,0.04,-55.5296,11.643642075631245,11.643642075631245,0.0,0.0,0.0,0.0,0.0,0.0,0.0,0.0,0.0,0.0,0.0,0.0,0.0,0.0,0.0,0.0,0.0,0.0,3.0,5.0,0.0,17.0,0.1445085339506019,1.4313599986629175,-0.5257292179711585,1.0,0.099615,10.0,0.1206927222962443
45,45.0,45.0,45.0,45.0,131.0,16262.0,62.0,0.0356062133653177,0.02,0.001,0.0064396,0.02,0.001,0.0064396,0.008,0.0004,0.001549,0.001549,0.129576,0.0,0.524557,0.039445,0.00746,0.180893,39.5662,58.3178,26.5,0.0116,0.1,0.00464,0.04,-59.2568,11.405505210150158,11.405505210150158,0.0,0.0,0.0,0.0,0.0,0.0,0.0,0.0,0.0,0.0,0.0,0.0,0.0,0.0,0.0,0.0,0.0,0.0,3.0,5.0,0.0,18.5,0.1166896498719792,1.3687815557299334,-0.1260427033785496,2.0,0.271155,163.0,0.3466776054350446
46,46.0,46.0,46.0,46.0,171.0,20647.0,47.0,0.0284865467947562,0.02,0.001,0.0048824,0.02,0.001,0.0048824,0.008,0.0004,0.005383,0.005383,0.10492,0.0,0.719629,0.027924,0.007195,0.230775,32.3816,56.2013,26.5,0.008528,0.1,0.003408,0.04,-59.8866,7.1962442792687895,7.1962442792687895,0.0,0.0,0.0,0.0,0.0,0.0,0.0,0.0,0.0,0.0,0.0,0.0,0.0,0.0,0.0,0.0,0.0,0.0,3.0,5.0,4.26923e-314,19.0,0.1919142684581168,1.1211841945089875,0.19105343997319,2.0,0.18756,207.0,0.1174900469677548
47,47.0,47.0,47.0,47.0,87.0,92546.0,46.0,0.0285172359835418,0.02,0.001,0.0026503,0.02,0.001,0.0026503,0.008,0.0004,0.004259,0.004259,0.113272,0.0,1.055,0.034956,0.008481,0.18164,32.3273,17.0538,26.5,0.126488,0.1,0.050592,0.04,-55.502,6.374507806995257,6.374507806995257,0.0,0.0,0.0,0.0,0.0,0.0,0.0,0.0,0.0,0.0,0.0,0.0,0.0,0.0,0.0,0.0,0.0,0.0,3.0,5.0,6.41132e-314,23.5,0.2407141385422043,1.126519650311608,1.0091428757405685,4.0,1.266268,926.0,0.1840227094955994
48,48.0,48.0,48.0,48.0,55.0,11886.0,86.0,0.0255204550911894,0.02,0.001,0.0103003,0.02,0.001,0.0103003,0.008,0.0004,0.00376,0.00376,0.121002,0.0,0.861303,0.02983,0.007993,0.205287,27.8888,56.1018,26.5,0.007592,0.1,0.00304,0.04,-56.9198,10.268349605802058,10.268349605802058,0.0,0.0,0.0,0.0,0.0,0.0,0.0,0.0,0.0,0.0,0.0,0.0,0.0,0.0,0.0,0.0,0.0,0.0,3.0,5.0,6.43788e-314,24.5,0.1629387526526152,2.7846080381833844,-0.1124381561657548,3.0,0.331069,119.0,0.3723234168271805
49,49.0,49.0,49.0,49.0,8.0,55864.0,64.0,0.0403009784014857,0.02,0.001,0.0057426,0.02,0.001,0.0057426,0.008,0.0004,0.001902,0.001902,0.137742,0.0,0.832509,0.046036,0.010998,0.233996,50.7487,26.948,26.5,0.0054,0.1,0.00216,0.04,-57.7783,10.543993502439278,10.543993502439278,0.0,0.0,0.0,0.0,0.0,0.0,0.0,0.0,0.0,0.0,0.0,0.0,0.0,0.0,0.0,0.0,0.0,0.0,3.0,5.0,3.14384e-319,20.5,0.0922934771277733,1.5487585343183266,-0.3803883647754881,1.0,0.051684,559.0,0.0967982720735833
50,50.0,50.0,50.0,50.0,240.0,65085.0,85.0,0.0401500638759163,0.02,0.001,0.0021743,0.02,0.001,0.0021743,0.008,0.0004,0.001283,0.001283,0.139965,0.0,0.469438,0.039782,0.007304,0.158764,37.1456,53.5085,26.5,0.0106,0.1,0.00424,0.04,-56.4363,8.873886136789265,8.873886136789265,0.0,0.0,0.0,0.0,0.0,0.0,0.0,0.0,0.0,0.0,0.0,0.0,0.0,0.0,0.0,0.0,0.0,0.0,3.0,5.0,4.2481e-314,21.5,0.2722272051275883,1.047704028535145,0.8072356206235789,1.0,0.146926,651.0,0.0873895049172111
51,51.0,51.0,51.0,51.0,128.0,124878.0,78.0,0.0371943620639426,0.02,0.001,0.0052581,0.02,0.001,0.0052581,0.008,0.0004,0.000731,0.000731,0.169488,0.0,0.594495,0.032391,0.009727,0.153913,46.4557,69.6188,26.5,0.011008,0.1,0.0044,0.04,-58.7443,12.650247231339794,12.650247231339794,0.0,0.0,0.0,0.0,0.0,0.0,0.0,0.0,0.0,0.0,0.0,0.0,0.0,0.0,0.0,0.0,0.0,0.0,3.0,5.0,6.48168e-314,23.0,0.3094382419944905,1.555894842891368,0.6155555149094158,2.0,0.7863410000000001,1249.0,0.1363390656939436
52,52.0,52.0,52.0,52.0,68.0,25071.0,71.0,0.0319760660342981,0.02,0.001,0.004437,0.02,0.001,0.004437,0.008,0.0004,0.000934,0.000934,0.121234,0.0,0.292935,0.042984,0.00681,0.248675,36.0381,50.1936,26.5,0.006088,0.1,0.002432,0.04,-59.0632,11.73825852541076,11.73825852541076,0.0,0.0,0.0,0.0,0.0,0.0,0.0,0.0,0.0,0.0,0.0,0.0,0.0,0.0,0.0,0.0,0.0,0.0,3.0,5.0,4.26177e-314,21.0,0.0843589825832732,1.4448266811142387,-0.1594567224895845,1.0,0.051963,251.0,0.2560936013768364
53,53.0,53.0,53.0,53.0,199.0,76472.0,72.0,0.0428598759874145,0.02,0.001,0.006324,0.02,0.001,0.006324,0.008,0.0004,0.000887,0.000887,0.123627,0.0,0.68138,0.029827,0.009337,0.208128,24.2291,32.975,26.5,0.008608,0.1,0.00344,0.04,-58.4831,12.632842786036154,12.632842786036154,0.0,0.0,0.0,0.0,0.0,0.0,0.0,0.0,0.0,0.0,0.0,0.0,0.0,0.0,0.0,0.0,0.0,0.0,3.0,5.0,0.0,20.5,0.2376116391088348,1.4054594538133842,-0.0601634565206807,1.0,0.35441,765.0,0.118938336877483
54,54.0,54.0,54.0,54.0,229.0,42495.0,95.0,0.03417719020632,0.02,0.001,0.0018377,0.02,0.001,0.0018377,0.008,0.0004,0.000816,0.000816,0.106529,0.0,0.700664,0.046757,0.008013,0.234018,36.9777,57.7498,26.5,0.007584,0.1,0.003032,0.04,-57.0463,9.701842659252016,9.701842659252016,0.0,0.0,0.0,0.0,0.0,0.0,0.0,0.0,0.0,0.0,0.0,0.0,0.0,0.0,0.0,0.0,0.0,0.0,3.0,5.0,6.47938e-314,21.0,0.1330381136558349,1.5109175141030702,-0.3251509150289795,1.0,0.199903,425.0,0.1451200666466547
55,55.0,55.0,55.0,55.0,85.0,124199.0,99.0,0.0241673483356744,0.02,0.001,0.0057392,0.02,0.001,0.0057392,0.008,0.0004,0.006433,0.006433,0.119259,0.0,0.714793,0.050899,0.006257,0.19332,34.1972,57.3209,26.5,0.051312,0.1,0.02052,0.04,-56.705,7.156746733973475,7.156746733973475,0.0,0.0,0.0,0.0,0.0,0.0,0.0,0.0,0.0,0.0,0.0,0.0,0.0,0.0,0.0,0.0,0.0,0.0,3.0,5.0,2.16073e-314,22.5,0.2570502370960266,1.6785701123194203,0.5292269699211475,1.0,0.206312,1242.0,0.3030575307532379
56,56.0,56.0,56.0,56.0,115.0,51217.0,17.0,0.0165656427923963,0.02,0.001,0.0018428,0.02,0.001,0.0018428,0.008,0.0004,0.003026,0.003026,0.131418,0.0,0.474072,0.036197,0.013643,0.24902,44.0942,50.6271,26.5,0.00868,0.1,0.003472,0.04,-54.881,6.332609751259409,6.332609751259409,0.0,0.0,0.0,0.0,0.0,0.0,0.0,0.0,0.0,0.0,0.0,0.0,0.0,0.0,0.0,0.0,0.0,0.0,3.0,5.0,0.0,23.5,0.0860290507424543,1.4808446800429629,-0.182551040802524,1.0,0.094694,513.0,0.765405861579642
57,57.0,57.0,57.0,57.0,145.0,121863.0,63.0,0.0289706147845042,0.02,0.001,0.0016779,0.02,0.001,0.0016779,0.008,0.0004,0.002959,0.002959,0.139148,0.0,0.173453,0.016026,0.013074,0.21531,32.8033,42.4009,26.5,0.01176,0.1,0.004704,0.04,-57.1115,6.198229132824504,6.198229132824504,0.0,0.0,0.0,0.0,0.0,0.0,0.0,0.0,0.0,0.0,0.0,0.0,0.0,0.0,0.0,0.0,0.0,0.0,3.0,5.0,6.41624e-314,21.5,0.2796753797018735,1.752344949732385,0.9157010376050116,1.0,0.570156,1219.0,0.1035811201130173
58,58.0,58.0,58.0,58.0,215.0,79985.0,85.0,0.0115214271540699,0.02,0.001,0.0104618,0.02,0.001,0.0104618,0.008,0.0004,0.000858,0.000858,0.143312,0.0,0.708161,0.048404,0.010053,0.232016,54.7636,52.0571,26.5,0.08212,0.1,0.032848,0.04,-55.5915,13.527882299583217,13.527882299583217,0.0,0.0,0.0,0.0,0.0,0.0,0.0,0.0,0.0,0.0,0.0,0.0,0.0,0.0,0.0,0.0,0.0,0.0,3.0,5.0,4.28417e-314,24.0,0.2834478688278812,2.8072082229554622,0.6108692930639612,2.0,0.68435,800.0,0.1650289320120719
59,59.0,59.0,59.0,59.0,57.0,42382.0,82.0,0.0485248679592634,0.02,0.001,0.0096084,0.02,0.001,0.0096084,0.008,0.0004,0.002942,0.002942,0.103418,0.0,0.655649,0.037641,0.006003,0.193985,32.3078,38.254,26.5,0.085008,0.1,0.034,0.04,-58.3094,10.76264354103141,10.76264354103141,0.0,0.0,0.0,0.0,0.0,0.0,0.0,0.0,0.0,0.0,0.0,0.0,0.0,0.0,0.0,0.0,0.0,0.0,3.0,5.0,6.43609e-314,23.0,0.1472252287223521,1.5398161252864535,-0.093438357472583,3.0,0.542593,424.0,0.2727522749431366
60,60.0,60.0,60.0,60.0,83.0,21315.0,15.0,0.0254751410192153,0.02,0.001,0.0102952,0.02,0.001,0.0102952,0.008,0.0004,0.001147,0.001147,0.10956,0.0,0.648212,0.029583,0.004924,0.195508,34.9521,42.5006,26.5,0.1044,0.1,0.04176,0.04,-58.9818,13.056315782921336,13.056315782921336,0.0,0.0,0.0,0.0,0.0,0.0,0.0,0.0,0.0,0.0,0.0,0.0,0.0,0.0,0.0,0.0,0.0,0.0,3.0,5.0,0.0,24.0,0.1720689016273245,1.7172847256870876,0.0430588727866305,4.0,0.519732,214.0,0.2819163349857607
61,61.0,61.0,61.0,61.0,177.0,119700.0,0.0,0.0276066787005891,0.02,0.001,0.0106369,0.02,0.001,0.0106369,0.008,0.0004,0.002945,0.002945,0.145187,0.0,0.737116,0.039815,0.010007,0.22361,36.4755,60.8161,26.5,0.090496,0.1,0.0362,0.04,-58.2973,11.036630325826724,11.036630325826724,0.0,0.0,0.0,0.0,0.0,0.0,0.0,0.0,0.0,0.0,0.0,0.0,0.0,0.0,0.0,0.0,0.0,0.0,3.0,5.0,6.4691e-314,22.0,0.2942137465696605,1.276581441387966,1.0089290075115644,3.0,1.329068,1198.0,0.0253942215797151
62,62.0,62.0,62.0,62.0,105.0,87511.0,11.0,0.032788401356048,0.02,0.001,0.0120309,0.02,0.001,0.0120309,0.008,0.0004,0.003449,0.003449,0.136756,0.0,0.745598,0.035816,0.009356,0.215105,38.6305,71.1699,26.5,0.086192,0.1,0.03448,0.04,-60.4902,10.942712553295145,10.942712553295145,0.0,0.0,0.0,0.0,0.0,0.0,0.0,0.0,0.0,0.0,0.0,0.0,0.0,0.0,0.0,0.0,0.0,0.0,3.0,5.0,4.24399e-314,20.5,0.1059950941046575,1.4697839229434122,-0.1948535898586151,1.0,0.296897,876.0,0.7189671490631966
63,63.0,63.0,63.0,63.0,84.0,127005.0,5.0,0.0432789934369699,0.02,0.001,0.0111163,0.02,0.001,0.0111163,0.008,0.0004,0.004953,0.004953,0.133348,0.0,0.186576,0.032667,0.01237,0.230148,44.0754,77.2903,26.5,0.002936,0.1,0.001176,0.04,-57.9234,9.691822943910374,9.691822943910374,0.0,0.0,0.0,0.0,0.0,0.0,0.0,0.0,0.0,0.0,0.0,0.0,0.0,0.0,0.0,0.0,0.0,0.0,3.0,5.0,0.0,22.0,0.132859906548268,1.0503925806471106,-0.0416977022472413,3.0,1.0374560000000002,1271.0,0.249125745212017
64,64.0,64.0,64.0,64.0,34.0,66402.0,2.0,0.040808837219129,0.02,0.001,0.0084065,0.02,0.001,0.0084065,0.008,0.0004,0.000484,0.000484,0.199406,0.0,0.697961,0.043449,0.004988,0.116859,47.9974,33.1802,26.5,0.005192,0.1,0.002072,0.04,-58.9593,13.95451318498654,13.95451318498654,0.0,0.0,0.0,0.0,0.0,0.0,0.0,0.0,0.0,0.0,0.0,0.0,0.0,0.0,0.0,0.0,0.0,0.0,3.0,5.0,0.0,24.0,0.1685231045542306,1.4327673761885136,0.2504689209474665,1.0,0.220953,665.0,0.3990539296554431
65,65.0,65.0,65.0,65.0,244.0,64254.0,54.0,0.023490850388217,0.02,0.001,0.0059109,0.02,0.001,0.0059109,0.008,0.0004,0.001078,0.001078,0.108543,0.0,0.65622,0.037975,0.005481,0.308398,31.2118,57.0492,26.5,0.007664,0.1,0.003064,0.04,-59.6363,12.075389541921066,12.075389541921066,0.0,0.0,0.0,0.0,0.0,0.0,0.0,0.0,0.0,0.0,0.0,0.0,0.0,0.0,0.0,0.0,0.0,0.0,3.0,5.0,6.44833e-314,29.5,0.0988989242895992,1.7662774145453493,0.0856113277437146,3.0,0.7383299999999999,643.0,1.5489918855033085
66,66.0,66.0,66.0,66.0,116.0,88739.0,39.0,0.021614154720393,0.02,0.001,0.0013056,0.02,0.001,0.0013056,0.008,0.0004,0.003056,0.003056,0.107315,0.0,0.994288,0.015185,0.006955,0.220994,22.6642,50.5146,26.5,0.070288,0.1,0.02812,0.04,-57.5609,5.7253986994574815,5.7253986994574815,0.0,0.0,0.0,0.0,0.0,0.0,0.0,0.0,0.0,0.0,0.0,0.0,0.0,0.0,0.0,0.0,0.0,0.0,3.0,5.0,6.41383e-314,27.5,0.2910103802419589,2.1657042391067858,0.5813622478856836,1.0,0.328337,888.0,0.9496670296811116
67,67.0,67.0,67.0,67.0,173.0,97522.0,22.0,0.0208352153337544,0.02,0.001,0.0030753,0.02,0.001,0.0030753,0.008,0.0004,0.001073,0.001073,0.139778,0.0,0.632139,0.022363,0.006718,0.175432,37.5578,60.8301,26.5,0.067408,0.1,0.02696,0.04,-58.9984,10.397036473413634,10.397036473413634,0.0,0.0,0.0,0.0,0.0,0.0,0.0,0.0,0.0,0.0,0.0,0.0,0.0,0.0,0.0,0.0,0.0,0.0,3.0,5.0,6.43661e-314,29.0,0.2391638606107662,2.043736652343504,0.4819594231784854,2.0,0.686975,976.0,0.6997135356217953
68,68.0,68.0,68.0,68.0,13.0,84656.0,56.0,0.0391664743163934,0.02,0.001,0.0129319,0.02,0.001,0.0129319,0.008,0.0004,0.001404,0.001404,0.107105,0.0,0.673192,0.034349,0.007232,0.236506,44.8273,53.3471,26.5,0.00352,0.1,0.001408,0.04,-57.8994,13.100065990759663,13.100065990759663,0.0,0.0,0.0,0.0,0.0,0.0,0.0,0.0,0.0,0.0,0.0,0.0,0.0,0.0,0.0,0.0,0.0,0.0,3.0,5.0,6.44903e-314,25.5,0.1776112049109187,1.229438922232962,0.283785196723573,2.0,0.836254,847.0,0.0570910498305433
69,69.0,69.0,69.0,69.0,144.0,25529.0,29.0,0.00615200360313,0.02,0.001,0.0049742,0.02,0.001,0.0049742,0.008,0.0004,0.003548,0.003548,0.092146,0.0,1.08173,0.030957,0.007221,0.228958,46.8924,83.0159,26.5,0.0292,0.1,0.01168,0.04,-57.5428,8.33464241324775,8.33464241324775,0.0,0.0,0.0,0.0,0.0,0.0,0.0,0.0,0.0,0.0,0.0,0.0,0.0,0.0,0.0,0.0,0.0,0.0,3.0,5.0,6.47656e-314,28.0,0.0880402512654074,1.5691484671960785,0.1277730747399664,1.0,0.055982,256.0,0.6727515154309173
70,70.0,70.0,70.0,70.0,60.0,29894.0,94.0,0.0226133418747025,0.02,0.001,0.0054723,0.02,0.001,0.0054723,0.008,0.0004,0.012801,0.012801,0.111137,0.0,0.779131,0.048774,0.005772,0.274654,46.0792,58.8911,26.5,0.007576,0.1,0.003032,0.04,-57.7263,5.726331396221592,5.726331396221592,0.0,0.0,0.0,0.0,0.0,0.0,0.0,0.0,0.0,0.0,0.0,0.0,0.0,0.0,0.0,0.0,0.0,0.0,3.0,5.0,6.47643e-314,25.5,0.08470739830517,1.622663993062019,0.1048035812466567,2.0,0.132384,299.0,0.7953408784918385
71,71.0,71.0,71.0,71.0,230.0,19032.0,32.0,0.0418599734951669,0.02,0.001,0.0053176,0.02,0.001,0.0053176,0.008,0.0004,0.003176,0.003176,0.166878,0.0,1.10455,0.030617,0.009014,0.14535,40.275,86.7534,26.5,0.004856,0.1,0.001944,0.04,-55.9748,8.838977735191738,8.838977735191738,0.0,0.0,0.0,0.0,0.0,0.0,0.0,0.0,0.0,0.0,0.0,0.0,0.0,0.0,0.0,0.0,0.0,0.0,3.0,5.0,4.11e-321,30.0,0.0831276736911682,2.156667791722867,0.078459133085241,3.0,0.32051,191.0,0.0757058316632592
72,72.0,72.0,72.0,72.0,246.0,126447.0,47.0,0.038420805029011,0.02,0.001,0.0061455,0.02,0.001,0.0061455,0.008,0.0004,0.004365,0.004365,0.135749,0.0,1.23301,0.0209,0.005157,0.221316,40.2611,37.9809,26.5,0.011048,0.1,0.004416,0.04,-58.5018,8.346436613432948,8.346436613432948,0.0,0.0,0.0,0.0,0.0,0.0,0.0,0.0,0.0,0.0,0.0,0.0,0.0,0.0,0.0,0.0,0.0,0.0,3.0,5.0,4.26564e-314,30.0,0.2537604803081758,1.8984620361909623,0.358218378512841,2.0,0.791024,1265.0,0.3609436327544626
73,73.0,73.0,73.0,73.0,249.0,8791.0,91.0,0.0309769556914863,0.02,0.001,0.0049232,0.02,0.001,0.0049232,0.008,0.0004,0.003056,0.003056,0.116278,0.0,0.818118,0.034941,0.005877,0.214867,46.6266,56.8974,26.5,0.07832,0.1,0.031328,0.04,-58.1447,8.728190751667816,8.728190751667816,0.0,0.0,0.0,0.0,0.0,0.0,0.0,0.0,0.0,0.0,0.0,0.0,0.0,0.0,0.0,0.0,0.0,0.0,3.0,5.0,4.26367e-314,31.0,0.0952678970825941,2.2702566009648293,-0.3599925656607902,1.0,0.082555,88.0,0.5355910607726166
74,74.0,74.0,74.0,74.0,75.0,93708.0,8.0,0.0376000012079429,0.02,0.001,0.0039627,0.02,0.001,0.0039627,0.008,0.0004,0.008863,0.008863,0.140549,0.0,0.584407,0.024945,0.006876,0.206136,49.0341,44.5112,26.5,0.073216,0.1,0.029288,0.04,-57.4807,5.795001881620977,5.795001881620977,0.0,0.0,0.0,0.0,0.0,0.0,0.0,0.0,0.0,0.0,0.0,0.0,0.0,0.0,0.0,0.0,0.0,0.0,3.0,5.0,0.0,32.0,0.3154373125617935,2.395574695419638,0.8845138966676257,1.0,0.482783,938.0,0.7220315833329639
75,75.0,75.0,75.0,75.0,133.0,16929.0,29.0,0.0149976726049248,0.02,0.001,0.0015878,0.02,0.001,0.0015878,0.008,0.0004,0.002781,0.002781,0.150022,0.0,0.826401,0.048194,0.005129,0.206697,42.8819,25.4254,26.5,0.096568,0.1,0.038624,0.04,-58.1414,6.210854511800567,6.210854511800567,0.0,0.0,0.0,0.0,0.0,0.0,0.0,0.0,0.0,0.0,0.0,0.0,0.0,0.0,0.0,0.0,0.0,0.0,3.0,5.0,6.43667e-314,32.0,0.1451101826034929,2.027685076413781,0.1666253883008864,1.0,0.09208,170.0,0.6370641599813553
76,76.0,76.0,76.0,76.0,194.0,99415.0,15.0,0.0309958575832712,0.02,0.001,0.0015912,0.02,0.001,0.0015912,0.008,0.0004,0.007674,0.007674,0.129073,0.0,0.726824,0.045847,0.003711,0.183075,56.2391,66.5151,26.5,0.00708,0.1,0.002832,0.04,-54.7356,4.902108146104879,4.902108146104879,0.0,0.0,0.0,0.0,0.0,0.0,0.0,0.0,0.0,0.0,0.0,0.0,0.0,0.0,0.0,0.0,0.0,0.0,3.0,5.0,0.0,32.0,0.2325673658268328,1.92399400262828,2.23208251074186,2.0,0.356736,995.0,0.2906389407158214
77,77.0,77.0,77.0,77.0,79.0,20578.0,78.0,0.0407554070175848,0.02,0.001,0.0039015,0.02,0.001,0.0039015,0.008,0.0004,0.00096,0.00096,0.130156,0.0,0.513414,0.032261,0.008408,0.211527,40.9378,29.8863,26.5,0.063904,0.1,0.02556,0.04,-54.6045,11.347228256357909,11.347228256357909,0.0,0.0,0.0,0.0,0.0,0.0,0.0,0.0,0.0,0.0,0.0,0.0,0.0,0.0,0.0,0.0,0.0,0.0,3.0,5.0,6.48101e-314,32.5,0.1368009224976859,2.4530725439727017,-0.0876444544208026,1.0,0.087791,206.0,0.5136713742257065
78,78.0,78.0,78.0,78.0,47.0,17076.0,76.0,0.0368211302890282,0.02,0.001,0.0032878,0.02,0.001,0.0032878,0.008,0.0004,0.000746,0.000746,0.11113,0.0,0.759878,0.02339,0.009194,0.199295,49.0899,55.7066,26.5,0.009256,0.1,0.003704,0.04,-54.2456,11.553330924338725,11.553330924338725,0.0,0.0,0.0,0.0,0.0,0.0,0.0,0.0,0.0,0.0,0.0,0.0,0.0,0.0,0.0,0.0,0.0,0.0,3.0,5.0,6.47367e-314,30.5,0.107238376002209,1.4407157901536876,0.0215694124514613,2.0,0.20305,171.0,0.0078918643938788
79,79.0,79.0,79.0,79.0,245.0,17719.0,19.0,0.0152842106860287,0.02,0.001,0.003553,0.02,0.001,0.003553,0.008,0.0004,0.007687,0.007687,0.107167,0.0,0.795001,0.022776,0.010227,0.268047,36.3159,29.2865,26.5,0.058232,0.1,0.023296,0.04,-56.4465,5.847345989534754,5.847345989534754,0.0,0.0,0.0,0.0,0.0,0.0,0.0,0.0,0.0,0.0,0.0,0.0,0.0,0.0,0.0,0.0,0.0,0.0,3.0,5.0,6.43505e-314,32.0,0.0703407428098259,2.407766276706709,-0.043227408292396,1.0,0.105759,178.0,0.1267856710906382
80,80.0,80.0,80.0,80.0,170.0,129322.0,22.0,0.0275882794301589,0.02,0.001,0.0130339,0.02,0.001,0.0130339,0.008,0.0004,0.002938,0.002938,0.164806,0.0,0.81262,0.031257,0.00352,0.146283,48.0722,14.7477,26.5,0.081224,0.1,0.032488,0.04,-57.6224,11.56977107399772,11.56977107399772,0.0,0.0,0.0,0.0,0.0,0.0,0.0,0.0,0.0,0.0,0.0,0.0,0.0,0.0,0.0,0.0,0.0,0.0,3.0,5.0,6.4397e-314,33.0,0.2392572345372156,1.7880061439552613,0.5703740513712177,1.0,0.477559,1294.0,0.479386190081753
81,81.0,81.0,81.0,81.0,132.0,119289.0,89.0,0.0220758230313903,0.02,0.001,0.0098379,0.02,0.001,0.0098379,0.008,0.0004,0.003793,0.003793,0.136636,0.0,0.502742,0.049588,0.006761,0.275949,26.7491,63.6767,26.5,0.012032,0.1,0.004816,0.04,-55.8405,10.11147072966414,10.11147072966414,0.0,0.0,0.0,0.0,0.0,0.0,0.0,0.0,0.0,0.0,0.0,0.0,0.0,0.0,0.0,0.0,0.0,0.0,3.0,5.0,6.44485e-314,32.5,0.2045055192106342,2.689369749618939,0.5370644930032489,2.0,0.555882,1193.0,0.2528287999129441
82,82.0,82.0,82.0,82.0,184.0,59439.0,39.0,0.0388658773058313,0.02,0.001,0.0022236,0.02,0.001,0.0022236,0.008,0.0004,0.002118,0.002118,0.141757,0.0,0.404357,0.070625,0.004126,0.331394,37.1422,19.0444,26.5,0.010888,0.1,0.004352,0.04,-59.0911,7.558895700595461,7.558895700595461,0.0,0.0,0.0,0.0,0.0,0.0,0.0,0.0,0.0,0.0,0.0,0.0,0.0,0.0,0.0,0.0,0.0,0.0,3.0,5.0,6.48381e-314,32.5,0.0685536210506779,1.786360669311127,-0.242806862930911,4.0,0.865813,595.0,0.8969086100815372
83,83.0,83.0,83.0,83.0,67.0,59628.0,28.0,0.0304668044469788,0.02,0.001,0.0080053,0.02,0.001,0.0080053,0.008,0.0004,0.000966,0.000966,0.060144,0.0,0.759276,0.028552,0.004413,0.338173,42.588,34.5166,26.5,0.007912,0.1,0.00316,0.04,-56.8612,12.916391742368148,12.916391742368148,0.0,0.0,0.0,0.0,0.0,0.0,0.0,0.0,0.0,0.0,0.0,0.0,0.0,0.0,0.0,0.0,0.0,0.0,3.0,5.0,4.82e-321,36.5,0.0687414592099577,2.3996684330449494,0.1300465218943141,2.0,0.377051,597.0,0.785407104650156
84,84.0,84.0,84.0,84.0,149.0,133206.0,6.0,0.0362042067171804,0.02,0.001,0.0064158,0.02,0.001,0.0064158,0.008,0.0004,0.006069,0.006069,0.17119,0.0,0.704211,0.056426,0.008271,0.288516,35.3123,75.6581,26.5,0.005024,0.1,0.002008,0.04,-56.7642,7.576584288701458,7.576584288701458,0.0,0.0,0.0,0.0,0.0,0.0,0.0,0.0,0.0,0.0,0.0,0.0,0.0,0.0,0.0,0.0,0.0,0.0,3.0,5.0,0.0,40.0,0.2374688525035017,2.52987380277632,0.693476550010381,2.0,0.934455,1333.0,1.005138645527311
85,85.0,85.0,85.0,85.0,88.0,131923.0,23.0,0.0390704495335467,0.02,0.001,0.0031535,0.02,0.001,0.0031535,0.008,0.0004,0.001575,0.001575,0.181279,0.0,0.252425,0.04603,0.006979,0.269588,47.8815,64.0234,26.5,0.090192,0.1,0.036072,0.04,-57.0765,9.358536651484588,9.358536651484588,0.0,0.0,0.0,0.0,0.0,0.0,0.0,0.0,0.0,0.0,0.0,0.0,0.0,0.0,0.0,0.0,0.0,0.0,3.0,5.0,6.40217e-314,40.0,0.1894289902242814,2.744689271991837,0.2425400788959296,1.0,0.360649,1320.0,0.3636147283427406
86,86.0,86.0,86.0,86.0,0.0,19732.0,32.0,0.0266269482895998,0.02,0.001,0.0104142,0.02,0.001,0.0104142,0.008,0.0004,0.000972,0.000972,0.158449,0.0,0.723412,0.026271,0.007702,0.233534,49.2477,71.356,26.5,0.077184,0.1,0.030872,0.04,-58.0718,13.341171981545086,13.341171981545086,0.0,0.0,0.0,0.0,0.0,0.0,0.0,0.0,0.0,0.0,0.0,0.0,0.0,0.0,0.0,0.0,0.0,0.0,3.0,5.0,4.11e-321,39.5,0.0766715227168098,3.644332199135401,-0.2227973154527783,1.0,0.08431,198.0,0.5343612712707303
87,87.0,87.0,87.0,87.0,7.0,30834.0,34.0,0.0388123944299972,0.02,0.001,0.0060061,0.02,0.001,0.0060061,0.008,0.0004,0.004195,0.004195,0.161999,0.0,0.533261,0.017662,0.006696,0.267969,48.4125,47.0551,26.5,0.00324,0.1,0.001296,0.04,-57.7648,8.393428746401206,8.393428746401206,0.0,0.0,0.0,0.0,0.0,0.0,0.0,0.0,0.0,0.0,0.0,0.0,0.0,0.0,0.0,0.0,0.0,0.0,3.0,5.0,6.47436e-314,43.5,0.0595513429711684,3.1161714535005176,-0.2500089866592993,3.0,0.326999,309.0,3.974983415489596
88,88.0,88.0,88.0,88.0,175.0,118040.0,40.0,0.0150141804769905,0.02,0.001,0.0054451,0.02,0.001,0.0054451,0.008,0.0004,0.00581,0.00581,0.12408,0.0,0.385039,0.01836,0.002122,0.261265,54.5383,61.9532,26.5,0.007624,0.1,0.003048,0.04,-58.0207,7.27545884618546,7.27545884618546,0.0,0.0,0.0,0.0,0.0,0.0,0.0,0.0,0.0,0.0,0.0,0.0,0.0,0.0,0.0,0.0,0.0,0.0,3.0,5.0,6.44043e-314,41.5,0.1824617230482969,3.010667342300574,0.3768542096945579,1.0,0.456195,1181.0,0.8904517805949197
89,89.0,89.0,89.0,89.0,32.0,118040.0,40.0,0.0261370512368206,0.02,0.001,0.0067864,0.02,0.001,0.0067864,0.008,0.0004,0.002592,0.002592,0.12408,0.0,0.385039,0.01836,0.002122,0.261265,54.5383,61.9532,26.5,0.007624,0.1,0.003048,0.04,-58.0207,10.13854554149182,10.13854554149182,0.0,0.0,0.0,0.0,0.0,0.0,0.0,0.0,0.0,0.0,0.0,0.0,0.0,0.0,0.0,0.0,0.0,0.0,3.0,5.0,6.44043e-314,41.5,0.1824617230482969,3.010667342300574,0.3768542096945579,1.0,0.456195,1181.0,1.2794491236200032
90,90.0,90.0,90.0,90.0,29.0,30834.0,34.0,0.0402747903872524,0.02,0.001,0.0072947,0.02,0.001,0.0072947,0.008,0.0004,0.002082,0.002082,0.161999,0.0,0.533261,0.017662,0.006696,0.267969,48.4125,47.0551,26.5,0.00324,0.1,0.001296,0.04,-57.7648,10.95469844344542,10.95469844344542,0.0,0.0,0.0,0.0,0.0,0.0,0.0,0.0,0.0,0.0,0.0,0.0,0.0,0.0,0.0,0.0,0.0,0.0,3.0,5.0,6.47436e-314,43.5,0.0595513429711684,3.1161714535005176,-0.2500089866592993,3.0,0.326999,309.0,1.8548814497667747
91,91.0,91.0,91.0,91.0,130.0,117968.0,68.0,0.0235036440385963,0.02,0.001,0.0125885,0.02,0.001,0.0125885,0.008,0.0004,0.001279,0.001279,0.140418,0.0,0.647155,0.018751,0.00592,0.249149,30.5943,36.6235,26.5,0.05548,0.1,0.022192,0.04,-54.9274,13.208940684216179,13.208940684216179,0.0,0.0,0.0,0.0,0.0,0.0,0.0,0.0,0.0,0.0,0.0,0.0,0.0,0.0,0.0,0.0,0.0,0.0,3.0,5.0,0.0,43.0,0.2086257579964538,3.3817687577219364,0.6280674496845148,2.0,0.745107,1180.0,0.0308219769328872
92,92.0,92.0,92.0,92.0,38.0,56721.0,21.0,0.0431865679432324,0.02,0.001,0.0007378,0.02,0.001,0.0007378,0.008,0.0004,0.002197,0.002197,0.121587,0.0,1.11313,0.034328,0.004248,0.261319,41.9075,43.1078,26.5,0.063352,0.1,0.025344,0.04,-57.0352,5.395073473718967,5.395073473718967,0.0,0.0,0.0,0.0,0.0,0.0,0.0,0.0,0.0,0.0,0.0,0.0,0.0,0.0,0.0,0.0,0.0,0.0,3.0,5.0,4.28122e-314,43.0,0.2467094223085079,3.942128612041759,0.3233810937975055,1.0,0.192496,568.0,0.6944170819787014
93,93.0,93.0,93.0,93.0,74.0,28050.0,50.0,0.036568824677684,0.02,0.001,0.0148189,0.02,0.001,0.0148189,0.008,0.0004,0.002409,0.002409,0.131007,0.0,0.505387,0.003971,0.003638,0.236606,35.9801,84.8582,26.5,0.011176,0.1,0.004472,0.04,-57.2207,12.32925707734192,12.32925707734192,0.0,0.0,0.0,0.0,0.0,0.0,0.0,0.0,0.0,0.0,0.0,0.0,0.0,0.0,0.0,0.0,0.0,0.0,3.0,5.0,4.28503e-314,47.0,0.064768454020247,3.3994582458594382,0.1019253771532071,4.0,0.386341,281.0,1.511057950124905
94,94.0,94.0,94.0,94.0,5.0,100291.0,91.0,0.0443123664344643,0.02,0.001,0.0043996,0.02,0.001,0.0043996,0.008,0.0004,0.00487,0.00487,0.144043,0.0,1.42604,0.046807,0.00492,0.360487,48.4372,19.2787,26.5,0.013048,0.1,0.005224,0.04,-55.1491,7.1867170215513525,7.1867170215513525,0.0,0.0,0.0,0.0,0.0,0.0,0.0,0.0,0.0,0.0,0.0,0.0,0.0,0.0,0.0,0.0,0.0,0.0,3.0,5.0,4.24996e-314,46.0,0.457842148482018,4.344182195413319,2.074611809429565,2.0,0.563183,1003.0,7.621146652271758
95,95.0,95.0,95.0,95.0,238.0,26520.0,20.0,0.0327323117816307,0.02,0.001,0.0093755,0.02,0.001,0.0093755,0.008,0.0004,0.001522,0.001522,0.138024,0.0,0.636181,0.024759,0.003806,0.300513,47.771,32.9172,26.5,0.078952,0.1,0.031584,0.04,-58.2612,12.332218629321554,12.332218629321554,0.0,0.0,0.0,0.0,0.0,0.0,0.0,0.0,0.0,0.0,0.0,0.0,0.0,0.0,0.0,0.0,0.0,0.0,3.0,5.0,6.47098e-314,53.5,0.0689942432579516,3.18614377365514,-0.113292180104619,1.0,0.053291,266.0,10.302219548349134
96,96.0,96.0,96.0,96.0,39.0,61033.0,33.0,0.038298075027202,0.02,0.001,0.0088451,0.02,0.001,0.0088451,0.008,0.0004,0.004993,0.004993,0.175556,0.0,0.670649,0.028634,0.008212,0.289875,35.9476,85.1163,26.5,0.011808,0.1,0.004728,0.04,-55.0532,9.002091452911076,9.002091452911076,0.0,0.0,0.0,0.0,0.0,0.0,0.0,0.0,0.0,0.0,0.0,0.0,0.0,0.0,0.0,0.0,0.0,0.0,3.0,5.0,6.47963e-314,51.0,0.0478350131887942,4.170507715602191,-0.1916858745625423,1.0,0.089422,611.0,0.0774027578475705
97,97.0,97.0,97.0,97.0,103.0,59288.0,88.0,0.0353089124530727,0.02,0.001,0.0082977,0.02,0.001,0.0082977,0.008,0.0004,0.000823,0.000823,0.153837,0.0,0.792337,0.03906,0.001713,0.261304,48.1723,38.9807,26.5,0.006656,0.1,0.002664,0.04,-56.4593,13.247246696515857,13.247246696515857,0.0,0.0,0.0,0.0,0.0,0.0,0.0,0.0,0.0,0.0,0.0,0.0,0.0,0.0,0.0,0.0,0.0,0.0,3.0,5.0,6.4722e-314,56.0,0.0569602269311784,3.7518484206960734,-0.1031413131766401,2.0,0.415612,593.0,6.14310629514372
98,98.0,98.0,98.0,98.0,95.0,66604.0,4.0,0.028720815181038,0.02,0.001,0.0084643,0.02,0.001,0.0084643,0.008,0.0004,0.001007,0.001007,0.145575,0.0,0.934044,0.048495,0.010045,0.266967,47.3727,45.5799,26.5,0.005568,0.1,0.002224,0.04,-58.209,12.941787107248476,12.941787107248476,0.0,0.0,0.0,0.0,0.0,0.0,0.0,0.0,0.0,0.0,0.0,0.0,0.0,0.0,0.0,0.0,0.0,0.0,3.0,5.0,0.0,24.0,0.2008151291807409,1.7889746036604373,0.3060637153122225,1.0,0.124981,667.0,0.2052150432162365
99,99.0,99.0,99.0,99.0,99.0,93708.0,8.0,0.0247187362184392,0.02,0.001,0.0050218,0.02,0.001,0.0050218,0.008,0.0004,0.00912,0.00912,0.140549,0.0,0.584407,0.024945,0.006876,0.206136,49.0341,44.5112,26.5,0.073216,0.1,0.029288,0.04,-57.4807,6.144717398850305,6.144717398850305,0.0,0.0,0.0,0.0,0.0,0.0,0.0,0.0,0.0,0.0,0.0,0.0,0.0,0.0,0.0,0.0,0.0,0.0,3.0,5.0,0.0,32.0,0.3154373125617935,2.395574695419638,0.8845138966676257,1.0,0.482783,938.0,0.7220315833329639
