,Unnamed: 0.8,Unnamed: 0.7,Unnamed: 0.6,Unnamed: 0.5,Unnamed: 0.4,Unnamed: 0.3,Unnamed: 0.2,Unnamed: 0.1,Unnamed: 0,gTON_STN_MEAN_nS_pF,gTON_STN_SIGMA,gTON_STN_THETA,gTON_CL_S_MEAN_nS_pF,gTON_CL_S_SIGMA,gTON_CL_S_THETA,gTON_CL_D_MEAN_nS_pF,gTON_CL_D_SIGMA,gTON_CL_D_THETA,gKCC2_S_nS_pF,gKCC2_D_nS_pF,gTRPC3_nS_pF,gHCN_nS_pF,gCA_nS_pF,gL_nS_pF,gSK_nS_pF,gNAP_nS_pF,gNAF_nS_pF,gKDR_nS_pF,gSD_nS,soma_noise_intensity,soma_noise_intensity_theta,dend_noise_intensity,dend_noise_intensity_theta,Eleak_mV,CL_in_S,CL_in_D,Iapp,Iapp_dend,gpe_stim,gpe_stim_freqs,gpe_poisson,W_gpe,gpe_start_time,gpe_base_length,gpe_stim_length,gpe_post_length,str_stim,str_stim_freqs,str_poisson,W_str,str_start_time,str_base_length,str_stim_length,str_post_length,tausyn,tauexc,tausyn_dend,pre_exp_fr,pre_exp_cv,pre_exp_fr_zscore,pre_exp_cv_zscore,connections,total_weight,sim,rel_error
0,0.0,0.0,0.0,0.0,0.0,0.0,185.0,81528.0,28.0,0.0272381109636345,0.02,0.001,0.0015576329999999,0.02,0.001,0.0015576329999999,0.008,0.0004,0.002082,0.00137412,0.0746592,0.0,0.548279,0.036129,0.009109,0.134614,32.0256,51.2327,26.5,0.40896,0.1,0.1636,0.04,-59.4177,6.755091461571435,7.757667981363753,0.0,0.0,0.0,0.0,0.0,0.0,0.0,0.0,0.0,0.0,0.0,0.0,0.0,0.0,0.0,0.0,0.0,0.0,3.0,5.0,4.82e-321,4.0,0.2502248238373493,-0.5753229731691537,0.6737822922654476,2.0,0.622449,816.0,0.0254303052102637
1,1.0,1.0,1.0,1.0,1.0,1.0,186.0,47103.0,3.0,0.0337327196246572,0.02,0.001,0.002233902,0.02,0.001,0.002233902,0.008,0.0004,0.000858,0.00056628,0.05732496,0.0,0.887928,0.052616,0.006945,0.161861,36.662,54.0916,26.5,0.31664,0.1,0.12668,0.04,-56.768,10.122459072043341,11.270002441673642,0.0,0.0,0.0,0.0,0.0,0.0,0.0,0.0,0.0,0.0,0.0,0.0,0.0,0.0,0.0,0.0,0.0,0.0,3.0,5.0,0.0,2.0,0.3031521925575683,-1.0507809531188013,0.5900853689817129,5.0,0.991818,472.0,0.0029379924573373
2,2.0,2.0,2.0,2.0,2.0,2.0,96.0,92307.0,7.0,0.0255883533399062,0.02,0.001,0.001168497,0.02,0.001,0.001168497,0.008,0.0004,0.012801,0.00844866,0.05028276,0.0,1.06154,0.035062,0.008455,0.128097,39.7854,27.1872,26.5,0.19292,0.1,0.0771599999999999,0.04,-57.8084,4.429035715202263,4.623711648283515,0.0,0.0,0.0,0.0,0.0,0.0,0.0,0.0,0.0,0.0,0.0,0.0,0.0,0.0,0.0,0.0,0.0,0.0,3.0,5.0,0.0,4.0,0.1035066399256608,-0.3414357566149363,0.021572847003538,1.0,0.236075,924.0,0.0152651620365879
3,3.0,3.0,3.0,3.0,3.0,3.0,188.0,58164.0,64.0,0.0391843060995296,0.02,0.001,0.0003248849999999,0.02,0.001,0.0003248849999999,0.008,0.0004,0.003233,0.00213378,0.04929078,0.0,0.636782,0.044076,0.010724,0.15529,50.4488,63.0627,26.5,0.30692,0.1,0.12276,0.04,-60.5303,4.467468120116016,4.680699432368323,0.0,0.0,0.0,0.0,0.0,0.0,0.0,0.0,0.0,0.0,0.0,0.0,0.0,0.0,0.0,0.0,0.0,0.0,3.0,5.0,3.14384e-319,3.0,0.1471589176676803,-0.7329459941620562,0.0061029771133743,2.0,0.090351,582.0,0.0240742555080489
4,4.0,4.0,4.0,4.0,4.0,4.0,150.0,78859.0,59.0,0.0399837398450391,0.02,0.001,0.001899579,0.02,0.001,0.001899579,0.008,0.0004,0.001312,0.00086592,0.0623766,0.0,0.533496,0.03053,0.007169,0.115043,12.8204,60.4706,26.5,0.04384,0.1,0.01752,0.04,-55.5179,8.424881004355521,9.625243712824325,0.0,0.0,0.0,0.0,0.0,0.0,0.0,0.0,0.0,0.0,0.0,0.0,0.0,0.0,0.0,0.0,0.0,0.0,3.0,5.0,6.48281e-314,3.0,0.3560571026154536,-0.90280820983851,1.1003922868336986,2.0,0.651833,789.0,0.0776641284698416
5,5.0,5.0,5.0,5.0,5.0,5.0,23.0,66110.0,10.0,0.0320610900539457,0.02,0.001,0.001165956,0.02,0.001,0.001165956,0.008,0.0004,0.00269,0.0017754,0.06620988,0.0,1.19935,0.015899,0.010233,0.210238,29.0481,18.641,26.5,0.5426,0.1,0.21704,0.04,-56.5581,5.747245906647775,6.481538268729549,0.0,0.0,0.0,0.0,0.0,0.0,0.0,0.0,0.0,0.0,0.0,0.0,0.0,0.0,0.0,0.0,0.0,0.0,3.0,5.0,1e-323,3.5,0.0872836680596964,-0.5687580516638726,-0.2804324911293014,3.0,0.71033,662.0,0.0382155270387607
6,6.0,6.0,6.0,6.0,6.0,6.0,210.0,118476.0,76.0,0.0354901265805152,0.02,0.001,0.001721346,0.02,0.001,0.001721346,0.008,0.0004,0.003392,0.00223872,0.03825492,0.0,0.675808,0.043778,0.00805,0.169077,19.2961,52.2104,26.5,0.04248,0.1,0.0169999999999999,0.04,-56.3618,6.001491096011681,6.815137110005093,0.0,0.0,0.0,0.0,0.0,0.0,0.0,0.0,0.0,0.0,0.0,0.0,0.0,0.0,0.0,0.0,0.0,0.0,3.0,5.0,6.40663e-314,4.5,0.3945991857359928,-0.5907453937081006,1.016948331832718,2.0,0.924156,1185.0,0.0424577275202442
7,7.0,7.0,7.0,7.0,7.0,7.0,172.0,124120.0,20.0,0.0322170424023744,0.02,0.001,0.00125961,0.02,0.001,0.00125961,0.008,0.0004,0.004276,0.00282216,0.07308312,0.0,0.764274,0.054807,0.008124,0.1595,43.4084,63.5912,26.5,0.3539599999999999,0.1,0.1416,0.04,-58.9219,5.240444701628195,5.792294450355519,0.0,0.0,0.0,0.0,0.0,0.0,0.0,0.0,0.0,0.0,0.0,0.0,0.0,0.0,0.0,0.0,0.0,0.0,3.0,5.0,6.47844e-314,4.0,0.1989401832901281,-0.4660118681991761,0.21086965607091,1.0,0.238459,1242.0,0.0065670445809396
8,8.0,8.0,8.0,8.0,8.0,8.0,223.0,48987.0,87.0,0.0385678532216244,0.02,0.001,0.002279277,0.02,0.001,0.002279277,0.008,0.0004,0.001747,0.00115302,0.0611853,0.0,0.430305,0.048689,0.008068,0.169934,31.1721,38.8836,26.5,0.24208,0.1,0.09684,0.04,-57.8398,8.135524951777416,9.321219978225704,0.0,0.0,0.0,0.0,0.0,0.0,0.0,0.0,0.0,0.0,0.0,0.0,0.0,0.0,0.0,0.0,0.0,0.0,3.0,5.0,6.44555e-314,4.0,0.3617382682855741,-0.5472940684483523,1.1759202138682998,3.0,0.67847,490.0,0.0782889064418901
9,9.0,9.0,9.0,9.0,9.0,9.0,193.0,19149.0,49.0,0.0258336747628714,0.02,0.001,0.000878097,0.02,0.001,0.000878097,0.008,0.0004,0.004405,0.0029073,0.08453082,0.0,0.846194,0.031748,0.01435,0.236351,32.1249,56.4262,26.5,0.5491999999999999,0.1,0.21968,0.04,-57.784,4.8702867195109,5.268650393344988,0.0,0.0,0.0,0.0,0.0,0.0,0.0,0.0,0.0,0.0,0.0,0.0,0.0,0.0,0.0,0.0,0.0,0.0,3.0,5.0,6.41663e-314,9.0,0.3542399154597326,-0.0632888037083952,0.933455787648628,3.0,0.359607,192.0,0.0143051857809303
10,10.0,10.0,10.0,10.0,10.0,10.0,46.0,22545.0,45.0,0.0270904329601849,0.02,0.001,0.001062138,0.02,0.001,0.001062138,0.008,0.0004,0.003548,0.00234168,0.06295014,0.0,0.790757,0.037773,0.007262,0.178878,27.7186,48.2671,26.5,0.4256399999999999,0.1,0.17024,0.04,-58.4186,5.258564189513552,5.817494044841065,0.0,0.0,0.0,0.0,0.0,0.0,0.0,0.0,0.0,0.0,0.0,0.0,0.0,0.0,0.0,0.0,0.0,0.0,3.0,5.0,0.0,9.5,0.0677181912060259,0.1400844219791328,-0.2259302658255842,1.0,0.08862,226.0,0.1354856524509147
11,11.0,11.0,11.0,11.0,11.0,11.0,82.0,102829.0,29.0,0.0386244954652337,0.02,0.001,0.000331056,0.02,0.001,0.000331056,0.008,0.0004,0.005606,0.00369996,0.05526048,0.0,0.74875,0.038174,0.008076,0.20181,44.032,46.6504,26.5,0.03868,0.1,0.0154799999999999,0.04,-57.1775,4.293393637490125,4.421480465963775,0.0,0.0,0.0,0.0,0.0,0.0,0.0,0.0,0.0,0.0,0.0,0.0,0.0,0.0,0.0,0.0,0.0,0.0,3.0,5.0,6.4009e-314,8.5,0.3493440392379997,0.0012781716040662,1.123857853601901,3.0,1.211377,1029.0,0.0070973463348527
12,12.0,12.0,12.0,12.0,12.0,12.0,139.0,79571.0,71.0,0.0263859753192885,0.02,0.001,0.001192092,0.02,0.001,0.001192092,0.008,0.0004,0.003127,0.00206382,0.06576768,0.0,0.629857,0.037472,0.01047,0.148956,38.546,47.5841,26.5,0.46112,0.1,0.18444,0.04,-56.0686,5.561284913162564,6.2323969943641595,0.0,0.0,0.0,0.0,0.0,0.0,0.0,0.0,0.0,0.0,0.0,0.0,0.0,0.0,0.0,0.0,0.0,0.0,3.0,5.0,4.24751e-314,9.5,0.1453491971958857,0.0850403240103491,-0.1940842271680165,1.0,0.421595,796.0,0.0389541053227404
13,13.0,13.0,13.0,13.0,13.0,13.0,241.0,88926.0,26.0,0.0290173303839973,0.02,0.001,0.001492656,0.02,0.001,0.001492656,0.008,0.0004,0.002897,0.00191202,0.04213374,0.0,0.470485,0.027191,0.009969,0.186572,47.0454,20.4499,26.5,0.38128,0.1,0.15252,0.04,-58.4085,6.0275423189550885,6.848864709231375,0.0,0.0,0.0,0.0,0.0,0.0,0.0,0.0,0.0,0.0,0.0,0.0,0.0,0.0,0.0,0.0,0.0,0.0,3.0,5.0,4.11e-321,5.5,0.4658087204834373,-0.4470508676769117,1.5797431871171563,2.0,0.538683,890.0,0.0012526008217884
14,14.0,14.0,14.0,14.0,14.0,14.0,102.0,1853.0,53.0,0.0222834224626771,0.02,0.001,0.000519453,0.02,0.001,0.000519453,0.008,0.0004,0.001247,0.00082302,0.05687154,0.0,0.798471,0.036765,0.008085,0.171093,33.7487,47.2315,26.5,0.0440799999999999,0.1,0.01764,0.04,-57.287,5.687738394573073,6.402287480931345,0.0,0.0,0.0,0.0,0.0,0.0,0.0,0.0,0.0,0.0,0.0,0.0,0.0,0.0,0.0,0.0,0.0,0.0,3.0,5.0,4.26863e-314,8.5,0.1154294022543187,0.0809781793206134,-0.3109615887683641,2.0,0.227193,19.0,0.0083678699331265
15,15.0,15.0,15.0,15.0,15.0,15.0,89.0,74804.0,4.0,0.0307566271104942,0.02,0.001,0.001335477,0.02,0.001,0.001335477,0.008,0.0004,0.004925,0.0032505,0.06368274,0.0,0.655395,0.04531,0.009221,0.16168,41.1366,52.1033,26.5,0.0416,0.1,0.01664,0.04,-55.8911,5.151127433697437,5.667479011304421,0.0,0.0,0.0,0.0,0.0,0.0,0.0,0.0,0.0,0.0,0.0,0.0,0.0,0.0,0.0,0.0,0.0,0.0,3.0,5.0,0.0,7.0,0.3495862436722388,-0.0164055077626972,1.627848448769258,3.0,0.952438,749.0,0.0177092187246343
16,16.0,16.0,16.0,16.0,16.0,16.0,167.0,42252.0,52.0,0.026874063455349,0.02,0.001,0.003108369,0.02,0.001,0.003108369,0.008,0.0004,0.001556,0.00102696,0.07450806,0.0,0.732641,0.044424,0.00803,0.146116,44.1692,53.0108,26.5,0.03972,0.1,0.01588,0.04,-57.7285,9.351886414529982,10.550981385880744,0.0,0.0,0.0,0.0,0.0,0.0,0.0,0.0,0.0,0.0,0.0,0.0,0.0,0.0,0.0,0.0,0.0,0.0,3.0,5.0,6.41321e-314,8.5,0.494507504299548,-0.1418973249540882,1.3162429017963329,2.0,0.240822,423.0,0.0083864631114698
17,17.0,17.0,17.0,17.0,17.0,17.0,45.0,14965.0,65.0,0.0360474012069574,0.02,0.001,0.00205458,0.02,0.001,0.00205458,0.008,0.0004,0.00071,0.0004686,0.07595214,0.0,0.581415,0.050626,0.010004,0.181358,35.4941,44.8527,26.5,0.44844,0.1,0.1794,0.04,-58.9538,10.424294911560434,11.54037342103925,0.0,0.0,0.0,0.0,0.0,0.0,0.0,0.0,0.0,0.0,0.0,0.0,0.0,0.0,0.0,0.0,0.0,0.0,3.0,5.0,6.40597e-314,7.5,0.1825167668614295,-0.1055090214204873,0.1926688235356071,1.0,0.079759,150.0,0.0023569674724055
18,18.0,18.0,18.0,18.0,18.0,18.0,178.0,94194.0,94.0,0.0207622688856278,0.02,0.001,0.002761341,0.02,0.001,0.002761341,0.008,0.0004,0.001404,0.00092664,0.04714974,0.0,0.37301,0.048852,0.007901,0.222205,53.9703,40.6479,26.5,0.37368,0.1,0.14948,0.04,-55.5352,9.306387496915521,10.507158333567933,0.0,0.0,0.0,0.0,0.0,0.0,0.0,0.0,0.0,0.0,0.0,0.0,0.0,0.0,0.0,0.0,0.0,0.0,3.0,5.0,6.43749e-314,15.0,0.2114224202764801,0.3120005639979782,0.4149010145629286,5.0,1.5838800000000002,942.0,0.0105635858949293
19,19.0,19.0,19.0,19.0,19.0,19.0,141.0,24121.0,21.0,0.0270496892126725,0.02,0.001,0.000715473,0.02,0.001,0.000715473,0.008,0.0004,0.002275,0.0015015,0.07371672,0.0,0.785676,0.037941,0.011605,0.242746,37.1989,36.0446,26.5,0.28552,0.1,0.1142,0.04,-56.0436,5.3155464976950135,5.896474077282899,0.0,0.0,0.0,0.0,0.0,0.0,0.0,0.0,0.0,0.0,0.0,0.0,0.0,0.0,0.0,0.0,0.0,0.0,3.0,5.0,4.25267e-314,13.5,0.1086859170487177,0.337601707425912,-0.1698934610330177,1.0,0.059864,242.0,0.2015567140014074
20,20.0,20.0,20.0,20.0,20.0,20.0,161.0,48844.0,44.0,0.031078377608793,0.02,0.001,0.001795035,0.02,0.001,0.001795035,0.008,0.0004,0.000484,0.00031944,0.08129022,0.0,0.813395,0.04606,0.010708,0.239144,36.3017,51.0969,26.5,0.04496,0.1,0.018,0.04,-56.0625,11.107374758087621,12.13076780338688,0.0,0.0,0.0,0.0,0.0,0.0,0.0,0.0,0.0,0.0,0.0,0.0,0.0,0.0,0.0,0.0,0.0,0.0,3.0,5.0,0.0,15.0,0.2720563388494896,1.746455933671681,0.8068734525406234,2.0,0.360717,489.0,0.0560098807242176
21,21.0,21.0,21.0,21.0,21.0,21.0,203.0,90928.0,28.0,0.0347675855347409,0.02,0.001,0.000905685,0.02,0.001,0.000905685,0.008,0.0004,0.002239,0.00147774,0.06551886,0.0,0.479737,0.032737,0.010145,0.206835,36.2043,10.5366,26.5,0.50496,0.1,0.2019999999999999,0.04,-56.3898,5.644873863126467,6.344924989735969,0.0,0.0,0.0,0.0,0.0,0.0,0.0,0.0,0.0,0.0,0.0,0.0,0.0,0.0,0.0,0.0,0.0,0.0,3.0,5.0,4.82e-321,13.0,0.0935107136909707,0.7057256667400508,-0.3681637078342079,0.0,0.0,910.0,0.0918554257849683
22,22.0,22.0,22.0,22.0,22.0,22.0,191.0,22994.0,94.0,0.0321939754308076,0.02,0.001,0.000358281,0.02,0.001,0.000358281,0.008,0.0004,0.002959,0.00195294,0.10566006,0.0,0.287581,0.049332,0.010597,0.220027,28.9419,47.6055,26.5,0.5654,0.1,0.22616,0.04,-59.8925,4.55286692749644,4.806804031174695,0.0,0.0,0.0,0.0,0.0,0.0,0.0,0.0,0.0,0.0,0.0,0.0,0.0,0.0,0.0,0.0,0.0,0.0,3.0,5.0,6.41236e-314,13.5,0.2194457988656245,0.1428930342598565,0.0989465430755205,2.0,0.274919,230.0,0.0967323466453676
23,23.0,23.0,23.0,23.0,23.0,23.0,2.0,12384.0,84.0,0.0258951480264312,0.02,0.001,0.003151929,0.02,0.001,0.003151929,0.008,0.0004,0.003642,0.00240372,0.07689924,0.0,0.698501,0.048105,0.008109,0.238944,25.874,57.6584,26.5,0.433,0.1,0.1732,0.04,-59.927,7.08483474059398,8.14935716640816,0.0,0.0,0.0,0.0,0.0,0.0,0.0,0.0,0.0,0.0,0.0,0.0,0.0,0.0,0.0,0.0,0.0,0.0,3.0,5.0,6.40149e-314,13.5,0.0545474556878352,0.5997540761982842,-0.5429660268063401,0.0,0.0,124.0,0.0023981011602142
24,24.0,24.0,24.0,24.0,24.0,24.0,236.0,112918.0,18.0,0.0268026739755559,0.02,0.001,0.001693032,0.02,0.001,0.001693032,0.008,0.0004,0.001953,0.00128898,0.0624195,0.0,0.479149,0.045069,0.011974,0.147321,45.5954,50.501,26.5,0.29416,0.1,0.11768,0.04,-55.0008,7.088764760426297,8.153952975248691,0.0,0.0,0.0,0.0,0.0,0.0,0.0,0.0,0.0,0.0,0.0,0.0,0.0,0.0,0.0,0.0,0.0,0.0,3.0,5.0,6.46899e-314,10.5,0.2202472917073133,0.1985908374421997,0.2773119843904624,1.0,0.454108,1130.0,0.0049546595604615
25,25.0,25.0,25.0,25.0,25.0,25.0,237.0,44481.0,81.0,0.0323958916894937,0.02,0.001,0.000464277,0.02,0.001,0.000464277,0.008,0.0004,0.001283,0.00084678,0.08315472,0.0,0.801517,0.037433,0.011333,0.164652,37.3136,48.2578,26.5,0.04004,0.1,0.016,0.04,-57.384,5.490937503027864,6.137010977849094,0.0,0.0,0.0,0.0,0.0,0.0,0.0,0.0,0.0,0.0,0.0,0.0,0.0,0.0,0.0,0.0,0.0,0.0,3.0,5.0,4.28315e-314,15.0,0.1286359399524383,0.5543494569256167,-0.0830401857068401,1.0,0.240077,445.0,0.2031112524401148
26,26.0,26.0,26.0,26.0,26.0,26.0,56.0,122806.0,6.0,0.0163213690116752,0.02,0.001,0.001072302,0.02,0.001,0.001072302,0.008,0.0004,0.00912,0.0060192,0.07939734,0.0,0.281659,0.028491,0.014497,0.186541,44.4114,54.3134,26.5,0.0436,0.1,0.01744,0.04,-58.573,4.538384989327714,4.785471405293399,0.0,0.0,0.0,0.0,0.0,0.0,0.0,0.0,0.0,0.0,0.0,0.0,0.0,0.0,0.0,0.0,0.0,0.0,3.0,5.0,0.0,15.0,0.2374074746593366,0.6953163237692611,0.2949573459555362,1.0,0.353473,1229.0,0.0194928339354373
27,27.0,27.0,27.0,27.0,27.0,27.0,201.0,2828.0,28.0,0.0381269430234768,0.02,0.001,0.001369962,0.02,0.001,0.001369962,0.008,0.0004,0.006069,0.00400554,0.06172914,0.0,0.557785,0.039231,0.00802,0.156346,44.6405,56.0161,26.5,0.0492,0.1,0.01968,0.04,-56.6084,4.9746697953200405,5.418000243632357,0.0,0.0,0.0,0.0,0.0,0.0,0.0,0.0,0.0,0.0,0.0,0.0,0.0,0.0,0.0,0.0,0.0,0.0,3.0,5.0,4.82e-321,11.0,0.1853794200431019,0.4555815635519358,0.038304438951034,2.0,0.166068,29.0,0.0826690082838774
28,28.0,28.0,28.0,28.0,28.0,28.0,36.0,46360.0,60.0,0.0349734271515612,0.02,0.001,0.002327919,0.02,0.001,0.002327919,0.008,0.0004,0.001675,0.0011055,0.07060416,0.0,0.533834,0.030976,0.008963,0.134872,36.262,51.4034,26.5,0.48876,0.1,0.19548,0.04,-57.2387,8.310318644387392,9.505778870104129,0.0,0.0,0.0,0.0,0.0,0.0,0.0,0.0,0.0,0.0,0.0,0.0,0.0,0.0,0.0,0.0,0.0,0.0,3.0,5.0,6.4833e-314,12.0,0.0592225220220368,0.4748472663323413,-0.6802167909029855,0.0,0.0,464.0,0.0644464132600041
29,29.0,29.0,29.0,29.0,29.0,29.0,53.0,48753.0,53.0,0.0316543095674772,0.02,0.001,0.00037752,0.02,0.001,0.00037752,0.008,0.0004,0.00496,0.0032736,0.07343424,0.0,0.852243,0.040624,0.009713,0.200049,35.7295,56.1758,26.5,0.50444,0.1,0.20176,0.04,-56.438,4.365409733970788,4.529058120441727,0.0,0.0,0.0,0.0,0.0,0.0,0.0,0.0,0.0,0.0,0.0,0.0,0.0,0.0,0.0,0.0,0.0,0.0,3.0,5.0,4.27795e-314,13.5,0.2462504730532058,0.9941600150440252,0.7465597095503389,1.0,0.233031,488.0,0.1349094102179775
30,30.0,30.0,30.0,30.0,30.0,30.0,196.0,29385.0,85.0,0.0350389757418194,0.02,0.001,0.000411642,0.02,0.001,0.000411642,0.008,0.0004,0.003553,0.00234498,0.05845488,0.0,0.155552,0.063561,0.006196,0.307796,45.8005,30.1618,26.5,0.67024,0.1,0.2681199999999999,0.04,-58.2055,4.531272365020287,4.7749862434586,0.0,0.0,0.0,0.0,0.0,0.0,0.0,0.0,0.0,0.0,0.0,0.0,0.0,0.0,0.0,0.0,0.0,0.0,3.0,5.0,4.28613e-314,19.0,0.094734079824588,0.8547044989626471,0.0354665461053231,1.0,0.046283,294.0,0.1168733244910537
31,31.0,31.0,31.0,31.0,31.0,31.0,48.0,972.0,72.0,0.0287520938334301,0.02,0.001,0.00135036,0.02,0.001,0.00135036,0.008,0.0004,0.000887,0.00058542,0.07844298,0.0,0.671788,0.039536,0.009775,0.159926,35.6932,45.2528,26.5,0.37444,0.1,0.14976,0.04,-55.5296,8.566769101398743,9.771596691177153,0.0,0.0,0.0,0.0,0.0,0.0,0.0,0.0,0.0,0.0,0.0,0.0,0.0,0.0,0.0,0.0,0.0,0.0,3.0,5.0,0.0,17.0,0.1445085339506019,1.4313599986629175,-0.5257292179711585,1.0,0.099615,10.0,0.1206927222962443
32,32.0,32.0,32.0,32.0,32.0,32.0,206.0,58260.0,60.0,0.0410712247196406,0.02,0.001,0.002199417,0.02,0.001,0.002199417,0.008,0.0004,0.00376,0.0024816,0.0815892,0.0,0.921642,0.041992,0.007785,0.293393,36.3046,57.8571,26.5,0.04912,0.1,0.01964,0.04,-59.0385,6.256000108074984,7.141068161399009,0.0,0.0,0.0,0.0,0.0,0.0,0.0,0.0,0.0,0.0,0.0,0.0,0.0,0.0,0.0,0.0,0.0,0.0,3.0,5.0,6.40971e-314,19.5,0.2025370985146373,1.177929826263289,0.6463026873665224,3.0,0.398584,583.0,0.1074759191452586
33,33.0,33.0,33.0,33.0,33.0,33.0,25.0,52061.0,61.0,0.0182132770508453,0.02,0.001,0.000338679,0.02,0.001,0.000338679,0.008,0.0004,0.004022,0.00265452,0.0940896,0.0,0.703476,0.035929,0.012077,0.235237,48.4711,39.5731,26.5,0.04432,0.1,0.01772,0.04,-57.6756,4.3994078771582865,4.579682667602231,0.0,0.0,0.0,0.0,0.0,0.0,0.0,0.0,0.0,0.0,0.0,0.0,0.0,0.0,0.0,0.0,0.0,0.0,3.0,5.0,4.24578e-314,17.5,0.1212918359806188,0.8355966076641852,-0.008591356566217,3.0,0.562552,521.0,0.0762843806492614
34,34.0,34.0,34.0,34.0,34.0,34.0,251.0,22848.0,48.0,0.0290895366091044,0.02,0.001,0.000970299,0.02,0.001,0.000970299,0.008,0.0004,0.000439,0.00028974,0.06286632,0.0,0.213598,0.033867,0.007403,0.214067,34.5174,63.0115,26.5,0.05032,0.1,0.02012,0.04,-56.4925,9.64715652631241,10.831578743606032,0.0,0.0,0.0,0.0,0.0,0.0,0.0,0.0,0.0,0.0,0.0,0.0,0.0,0.0,0.0,0.0,0.0,0.0,3.0,5.0,1.47234e-21,20.0,0.251690253962964,1.0956357230866915,0.6935570852055487,3.0,0.334678,229.0,0.0184300069927643
35,35.0,35.0,35.0,35.0,35.0,35.0,190.0,44100.0,0.0,0.0303833401568919,0.02,0.001,0.002473482,0.02,0.001,0.002473482,0.008,0.0004,0.004,0.00264,0.08531226,0.0,0.566293,0.051587,0.007175,0.221182,34.3363,58.2285,26.5,0.4755199999999999,0.1,0.1901999999999999,0.04,-56.8218,6.362213438398534,7.274758015351063,0.0,0.0,0.0,0.0,0.0,0.0,0.0,0.0,0.0,0.0,0.0,0.0,0.0,0.0,0.0,0.0,0.0,0.0,3.0,5.0,6.46758e-314,18.0,0.1390749749688081,1.38398715790221,-0.4544725203008993,1.0,0.210109,442.0,0.098451872204086
36,36.0,36.0,36.0,36.0,36.0,36.0,81.0,1184.0,84.0,0.0334490897449791,0.02,0.001,0.001789953,0.02,0.001,0.001789953,0.008,0.0004,0.001664,0.00109824,0.07049526,0.0,0.687243,0.038769,0.009482,0.169872,33.2987,49.8976,26.5,0.4033599999999999,0.1,0.16136,0.04,-55.2155,7.621290228510554,8.76154967738956,0.0,0.0,0.0,0.0,0.0,0.0,0.0,0.0,0.0,0.0,0.0,0.0,0.0,0.0,0.0,0.0,0.0,0.0,3.0,5.0,6.43431e-314,16.5,0.0982037041004295,1.294415931678317,-0.5877727899375956,1.0,0.103169,12.0,0.1832396903052286
37,37.0,37.0,37.0,37.0,37.0,37.0,204.0,85041.0,41.0,0.0252254761590136,0.02,0.001,0.000427614,0.02,0.001,0.000427614,0.008,0.0004,0.008546,0.00564036,0.06415332,0.0,0.790571,0.029749,0.009284,0.232551,30.2355,65.4053,26.5,0.03672,0.1,0.0146799999999999,0.04,-57.9266,4.255135089060622,4.364148880311927,0.0,0.0,0.0,0.0,0.0,0.0,0.0,0.0,0.0,0.0,0.0,0.0,0.0,0.0,0.0,0.0,0.0,0.0,3.0,5.0,6.47046e-314,19.5,0.12085780811689,1.2904294823175235,-0.1056412275856198,1.0,0.222095,851.0,0.1144499512073995
38,38.0,38.0,38.0,38.0,38.0,38.0,168.0,22510.0,10.0,0.028757616006105,0.02,0.001,0.00241758,0.02,0.001,0.00241758,0.008,0.0004,0.001314,0.00086724,0.0777183,0.0,0.784945,0.047659,0.004951,0.221608,42.3168,77.2786,26.5,0.48264,0.1,0.1930799999999999,0.04,-59.6367,9.112042956837282,10.318163846438305,0.0,0.0,0.0,0.0,0.0,0.0,0.0,0.0,0.0,0.0,0.0,0.0,0.0,0.0,0.0,0.0,0.0,0.0,3.0,5.0,1e-323,18.0,0.186832725330805,1.08509837977487,0.3470558812825028,3.0,0.276453,226.0,0.0102339257310967
39,39.0,39.0,39.0,39.0,39.0,39.0,174.0,20838.0,38.0,0.0274030933427958,0.02,0.001,0.001102794,0.02,0.001,0.001102794,0.008,0.0004,0.004136,0.00272976,0.0792363,0.0,0.488331,0.035333,0.005687,0.145345,42.9498,64.2633,26.5,0.0625199999999999,0.1,0.025,0.04,-56.3019,5.133719311061676,5.643036949981535,0.0,0.0,0.0,0.0,0.0,0.0,0.0,0.0,0.0,0.0,0.0,0.0,0.0,0.0,0.0,0.0,0.0,0.0,3.0,5.0,4.25246e-314,20.0,0.1050262684824146,1.0535514261330068,0.3048108901683382,1.0,0.117489,209.0,0.4910047883491287
40,40.0,40.0,40.0,40.0,40.0,40.0,58.0,95750.0,50.0,0.0255358818120362,0.02,0.001,0.002016102,0.02,0.001,0.002016102,0.008,0.0004,0.009897,0.00653202,0.09109122,0.0,0.390733,0.041416,0.013887,0.204617,45.5526,110.872,26.5,0.37212,0.1,0.14884,0.04,-56.2134,4.8876559962987,5.293591808626463,0.0,0.0,0.0,0.0,0.0,0.0,0.0,0.0,0.0,0.0,0.0,0.0,0.0,0.0,0.0,0.0,0.0,0.0,3.0,5.0,4.28302e-314,16.5,0.1419474178626409,0.6785160029886479,0.2346507782557349,1.0,0.342883,958.0,0.1789362305263595
41,41.0,41.0,41.0,41.0,41.0,41.0,153.0,11941.0,41.0,0.0390491437026425,0.02,0.001,0.001282479,0.02,0.001,0.001282479,0.008,0.0004,0.004195,0.0027687,0.07987254,0.0,0.838432,0.045594,0.005488,0.161376,38.2499,51.8679,26.5,0.28,0.1,0.112,0.04,-56.6927,5.282547984678109,5.850786245211575,0.0,0.0,0.0,0.0,0.0,0.0,0.0,0.0,0.0,0.0,0.0,0.0,0.0,0.0,0.0,0.0,0.0,0.0,3.0,5.0,6.41353e-314,18.0,0.1816544079224633,1.6644621754098936,-0.0315568059334071,2.0,0.185615,120.0,0.1485121269402699
42,42.0,42.0,42.0,42.0,42.0,42.0,41.0,59832.0,32.0,0.029489474602626,0.02,0.001,0.000400389,0.02,0.001,0.000400389,0.008,0.0004,0.004475,0.0029535,0.07654152,0.0,0.795029,0.022349,0.011394,0.178097,37.2944,47.7828,26.5,0.03924,0.1,0.01572,0.04,-58.0117,4.42146724383753,4.612472296803869,0.0,0.0,0.0,0.0,0.0,0.0,0.0,0.0,0.0,0.0,0.0,0.0,0.0,0.0,0.0,0.0,0.0,0.0,3.0,5.0,4.11e-321,19.0,0.0990506002392933,0.8647341023702656,0.3964850190345171,3.0,0.529975,599.0,0.0281435628418026
43,43.0,43.0,43.0,43.0,43.0,43.0,180.0,124678.0,78.0,0.025837573869471,0.02,0.001,0.000912219,0.02,0.001,0.000912219,0.008,0.0004,0.003514,0.00231924,0.07090974,0.0,0.7163,0.039062,0.006143,0.181688,40.9857,62.7941,26.5,0.03568,0.1,0.01428,0.04,-56.2396,5.106592928426068,5.604875292325287,0.0,0.0,0.0,0.0,0.0,0.0,0.0,0.0,0.0,0.0,0.0,0.0,0.0,0.0,0.0,0.0,0.0,0.0,3.0,5.0,6.4742e-314,15.5,0.1963284117764628,0.7335809276288251,0.7181443123102257,1.0,0.297461,1247.0,0.0234841943090343
44,44.0,44.0,44.0,44.0,44.0,44.0,106.0,99932.0,32.0,0.0261701432518074,0.02,0.001,0.000157542,0.02,0.001,0.000157542,0.008,0.0004,0.002197,0.00145002,0.06148032,0.0,0.986125,0.034571,0.007958,0.163289,66.2249,46.8559,26.5,0.50236,0.1,0.20092,0.04,-56.2852,4.346859363983258,4.50139141721906,0.0,0.0,0.0,0.0,0.0,0.0,0.0,0.0,0.0,0.0,0.0,0.0,0.0,0.0,0.0,0.0,0.0,0.0,3.0,5.0,4.11e-321,15.5,0.0667752753141813,0.5552429848276906,-0.4034642824436762,2.0,0.342194,1000.0,0.5631404994654995
45,45.0,45.0,45.0,45.0,45.0,45.0,66.0,94494.0,94.0,0.0283235792987352,0.02,0.001,0.000339768,0.02,0.001,0.000339768,0.008,0.0004,0.007674,0.00506484,0.08444634,0.0,0.456384,0.028336,0.011368,0.236229,26.1818,19.6531,26.5,0.03452,0.1,0.0138,0.04,-58.023,4.230621715577522,4.327351953445587,0.0,0.0,0.0,0.0,0.0,0.0,0.0,0.0,0.0,0.0,0.0,0.0,0.0,0.0,0.0,0.0,0.0,0.0,3.0,5.0,6.40524e-314,17.5,0.5120054703775305,0.852356115540853,2.115766709662286,2.0,0.6438090000000001,945.0,0.0674162635089778
46,46.0,46.0,46.0,46.0,46.0,46.0,217.0,11296.0,96.0,0.0338932169348749,0.02,0.001,0.000997524,0.02,0.001,0.000997524,0.008,0.0004,0.001002,0.00066132,0.07301712,0.0,0.659977,0.034486,0.008537,0.215517,46.5294,39.4621,26.5,0.0392,0.1,0.01568,0.04,-58.6915,7.424571783552752,8.5405421955671,0.0,0.0,0.0,0.0,0.0,0.0,0.0,0.0,0.0,0.0,0.0,0.0,0.0,0.0,0.0,0.0,0.0,0.0,3.0,5.0,6.48285e-314,19.0,0.0932214976623693,1.4044663279989216,-0.2274993541023834,1.0,0.058558,113.0,0.0307116945273505
47,47.0,47.0,47.0,47.0,47.0,47.0,69.0,126973.0,73.0,0.028005661281389,0.02,0.001,0.001945317,0.02,0.001,0.001945317,0.008,0.0004,0.002319,0.00153054,0.1052997,0.0,0.657084,0.008528,0.007967,0.064433,36.1952,23.9494,26.5,0.44732,0.1,0.17892,0.04,-57.9319,7.012131641736942,8.064033038477397,0.0,0.0,0.0,0.0,0.0,0.0,0.0,0.0,0.0,0.0,0.0,0.0,0.0,0.0,0.0,0.0,0.0,0.0,3.0,5.0,2.57187e-315,22.0,0.1832637278818579,1.1941834144076922,0.1240305483492059,1.0,0.462305,1270.0,0.0297515993317533
48,48.0,48.0,48.0,48.0,48.0,48.0,146.0,3629.0,29.0,0.0394493889550247,0.02,0.001,0.001705011,0.02,0.001,0.001705011,0.008,0.0004,0.006574,0.00433884,0.08333094,0.0,0.660265,0.033736,0.009304,0.213293,28.2365,61.7045,26.5,0.03672,0.1,0.0146799999999999,0.04,-58.3804,5.1056702734179025,5.6035756979899585,0.0,0.0,0.0,0.0,0.0,0.0,0.0,0.0,0.0,0.0,0.0,0.0,0.0,0.0,0.0,0.0,0.0,0.0,3.0,5.0,6.47198e-314,23.5,0.1066525936938121,2.632879116631784,-0.4748107735446237,1.0,0.101455,37.0,0.3068320159652211
49,49.0,49.0,49.0,49.0,49.0,49.0,42.0,59725.0,25.0,0.0278004986762517,0.02,0.001,0.001434939,0.02,0.001,0.001434939,0.008,0.0004,0.000902,0.00059532,0.08849808,0.0,0.492508,0.040485,0.007895,0.16807,59.1693,39.5836,26.5,0.514,0.1,0.2055999999999999,0.04,-58.2088,8.692141992599977,9.899464582339506,0.0,0.0,0.0,0.0,0.0,0.0,0.0,0.0,0.0,0.0,0.0,0.0,0.0,0.0,0.0,0.0,0.0,0.0,3.0,5.0,4.27935e-314,23.5,0.131857188205383,1.0738652342472674,0.2709895492827482,2.0,0.506871,598.0,0.079956399481668
50,50.0,50.0,50.0,50.0,50.0,50.0,162.0,88869.0,69.0,0.0283825043094776,0.02,0.001,0.003569742,0.02,0.001,0.003569742,0.008,0.0004,0.004207,0.00277662,0.09499182,0.0,0.69664,0.052407,0.011052,0.198369,49.9364,31.6461,26.5,0.06956,0.1,0.0278,0.04,-56.9479,7.038700231858578,8.09528096372142,0.0,0.0,0.0,0.0,0.0,0.0,0.0,0.0,0.0,0.0,0.0,0.0,0.0,0.0,0.0,0.0,0.0,0.0,3.0,5.0,6.47851e-314,20.5,0.2290948841361173,1.29957384052861,0.300985533977597,1.0,0.225382,889.0,0.1593850824098989
51,51.0,51.0,51.0,51.0,51.0,51.0,199.0,76472.0,72.0,0.0321172244816813,0.02,0.001,0.001375044,0.02,0.001,0.001375044,0.008,0.0004,0.001549,0.00102234,0.08159382,0.0,0.68138,0.029827,0.009337,0.208128,24.2291,32.975,26.5,0.0430399999999999,0.1,0.0172,0.04,-58.4831,7.144840257107465,8.219345671147567,0.0,0.0,0.0,0.0,0.0,0.0,0.0,0.0,0.0,0.0,0.0,0.0,0.0,0.0,0.0,0.0,0.0,0.0,3.0,5.0,0.0,20.5,0.2376116391088348,1.4054594538133842,-0.0601634565206807,1.0,0.35441,765.0,0.118938336877483
52,52.0,52.0,52.0,52.0,52.0,52.0,33.0,94115.0,15.0,0.0295365656229907,0.02,0.001,0.00219978,0.02,0.001,0.00219978,0.008,0.0004,0.002618,0.00172788,0.0555521999999999,0.0,0.659256,0.038613,0.004049,0.173831,64.8782,53.3018,26.5,0.48076,0.1,0.19232,0.04,-56.9283,7.015967502339873,8.068549271851253,0.0,0.0,0.0,0.0,0.0,0.0,0.0,0.0,0.0,0.0,0.0,0.0,0.0,0.0,0.0,0.0,0.0,0.0,3.0,5.0,0.0,22.5,0.1840736719550773,0.9205842388965052,0.2748877971837641,2.0,0.473259,942.0,0.0912634393145048
53,53.0,53.0,53.0,53.0,53.0,53.0,228.0,19026.0,26.0,0.0349805585214604,0.02,0.001,0.000420354,0.02,0.001,0.000420354,0.008,0.0004,0.003436,0.00226776,0.06163146,0.0,0.925858,0.031392,0.009267,0.211671,43.6374,58.8045,26.5,0.0332,0.1,0.01328,0.04,-54.7709,4.558052994454533,4.814438091735691,0.0,0.0,0.0,0.0,0.0,0.0,0.0,0.0,0.0,0.0,0.0,0.0,0.0,0.0,0.0,0.0,0.0,0.0,3.0,5.0,4.11e-321,23.0,0.0728489273615316,1.43846253282372,0.0251408042820914,2.0,0.195196,191.0,0.1206325382833021
54,54.0,54.0,54.0,54.0,54.0,54.0,215.0,79985.0,85.0,0.0229118505243542,0.02,0.001,0.002271291,0.02,0.001,0.002271291,0.008,0.0004,0.002945,0.0019437,0.09458592,0.0,0.708161,0.048404,0.010053,0.232016,54.7636,52.0571,26.5,0.4105999999999999,0.1,0.16424,0.04,-55.5915,6.821857120988683,7.837959347707833,0.0,0.0,0.0,0.0,0.0,0.0,0.0,0.0,0.0,0.0,0.0,0.0,0.0,0.0,0.0,0.0,0.0,0.0,3.0,5.0,4.28417e-314,24.0,0.2834478688278812,2.8072082229554622,0.6108692930639612,2.0,0.68435,800.0,0.1650289320120719
55,55.0,55.0,55.0,55.0,55.0,55.0,179.0,8905.0,5.0,0.0238349818883268,0.02,0.001,0.002568951,0.02,0.001,0.002568951,0.008,0.0004,0.003449,0.00227634,0.105039,0.0,0.754488,0.042257,0.010832,0.207565,36.1099,31.8954,26.5,0.37356,0.1,0.14944,0.04,-58.1384,6.745465583872388,7.746050233311949,0.0,0.0,0.0,0.0,0.0,0.0,0.0,0.0,0.0,0.0,0.0,0.0,0.0,0.0,0.0,0.0,0.0,0.0,3.0,5.0,0.0,22.0,0.093267744787261,1.5697864394359275,-0.2815076898925405,3.0,0.246614,90.0,0.014005852540777
56,56.0,56.0,56.0,56.0,56.0,56.0,195.0,21076.0,76.0,0.0354722326417094,0.02,0.001,0.002005575,0.02,0.001,0.002005575,0.008,0.0004,0.004808,0.00317328,0.09626562,0.0,0.945951,0.046435,0.008223,0.176519,54.1795,46.0887,26.5,0.0312,0.1,0.01248,0.04,-56.1827,5.689760057296488,6.4049872049774,0.0,0.0,0.0,0.0,0.0,0.0,0.0,0.0,0.0,0.0,0.0,0.0,0.0,0.0,0.0,0.0,0.0,0.0,3.0,5.0,6.43864e-314,24.0,0.0978327686381762,1.6552078487902575,-0.0017798802174551,5.0,0.382642,211.0,0.0105463403249596
57,57.0,57.0,57.0,57.0,57.0,57.0,85.0,124199.0,99.0,0.0285542169697006,0.02,0.001,0.002163843,0.02,0.001,0.002163843,0.008,0.0004,0.001011,0.00066726,0.07871094,0.0,0.714793,0.050899,0.006257,0.19332,34.1972,57.3209,26.5,0.25656,0.1,0.1026,0.04,-56.705,9.553288359499136,10.743079540998153,0.0,0.0,0.0,0.0,0.0,0.0,0.0,0.0,0.0,0.0,0.0,0.0,0.0,0.0,0.0,0.0,0.0,0.0,3.0,5.0,2.16073e-314,22.5,0.2570502370960266,1.6785701123194203,0.5292269699211475,1.0,0.206312,1242.0,0.3030575307532379
58,58.0,58.0,58.0,58.0,58.0,58.0,84.0,127005.0,5.0,0.0221384599763259,0.02,0.001,0.001540209,0.02,0.001,0.001540209,0.008,0.0004,0.005873,0.00387618,0.08800968,0.0,0.186576,0.032667,0.01237,0.230148,44.0754,77.2903,26.5,0.0146799999999999,0.1,0.00588,0.04,-57.9234,5.116845972867306,5.619310037780713,0.0,0.0,0.0,0.0,0.0,0.0,0.0,0.0,0.0,0.0,0.0,0.0,0.0,0.0,0.0,0.0,0.0,0.0,3.0,5.0,0.0,22.0,0.132859906548268,1.0503925806471106,-0.0416977022472413,3.0,1.0374560000000002,1271.0,0.249125745212017
59,59.0,59.0,59.0,59.0,59.0,59.0,212.0,62063.0,63.0,0.0205308613674288,0.02,0.001,0.001880703,0.02,0.001,0.001880703,0.008,0.0004,0.004787,0.00315942,0.05529678,0.0,0.909076,0.022494,0.001273,0.148739,30.1808,29.1558,26.5,0.04076,0.1,0.01628,0.04,-56.528,5.603261364157736,6.289016245277591,0.0,0.0,0.0,0.0,0.0,0.0,0.0,0.0,0.0,0.0,0.0,0.0,0.0,0.0,0.0,0.0,0.0,0.0,3.0,5.0,6.40951e-314,20.5,0.100988636438352,1.291532829213416,0.4635315614324083,2.0,0.283916,621.0,0.0175492678187006
60,60.0,60.0,60.0,60.0,60.0,60.0,77.0,29722.0,22.0,0.0319082124311817,0.02,0.001,0.002277099,0.02,0.001,0.002277099,0.008,0.0004,0.001608,0.00106128,0.0950532,0.0,0.915847,0.04759,0.008535,0.17441,42.1053,59.6534,26.5,0.9218,0.1,0.36872,0.04,-57.4789,8.362685092985062,9.560531637878997,0.0,0.0,0.0,0.0,0.0,0.0,0.0,0.0,0.0,0.0,0.0,0.0,0.0,0.0,0.0,0.0,0.0,0.0,3.0,5.0,6.40273e-314,21.0,0.0683089680562491,1.0770757018416477,0.0059501599046557,0.0,0.0,298.0,0.7640808248491099
61,61.0,61.0,61.0,61.0,61.0,61.0,159.0,32184.0,84.0,0.0306404594758017,0.02,0.001,0.001416789,0.02,0.001,0.001416789,0.008,0.0004,0.002057,0.00135762,0.1134375,0.0,0.723179,0.052309,0.007175,0.148156,62.1396,47.1836,26.5,0.6342399999999999,0.1,0.25368,0.04,-57.753,6.579116936502848,7.5435967689978245,0.0,0.0,0.0,0.0,0.0,0.0,0.0,0.0,0.0,0.0,0.0,0.0,0.0,0.0,0.0,0.0,0.0,0.0,3.0,5.0,6.44503e-314,20.5,0.1199717598802492,1.216302418346684,0.2043567582201028,1.0,0.167934,322.0,0.0645137563559439
62,62.0,62.0,62.0,62.0,62.0,62.0,11.0,22329.0,29.0,0.0286848484175548,0.02,0.001,0.001807377,0.02,0.001,0.001807377,0.008,0.0004,0.001007,0.00066462,0.07226472,0.0,0.289897,0.03398,0.006271,0.231589,30.6859,53.1024,26.5,0.2393199999999999,0.1,0.09572,0.04,-59.0074,9.040017995693896,10.247365206737966,0.0,0.0,0.0,0.0,0.0,0.0,0.0,0.0,0.0,0.0,0.0,0.0,0.0,0.0,0.0,0.0,0.0,0.0,3.0,5.0,6.43783e-314,21.5,0.111166642776077,1.2188181782232914,-0.1432314663571619,1.0,0.091394,224.0,0.1387384257196768
63,63.0,63.0,63.0,63.0,63.0,63.0,145.0,121863.0,63.0,0.0329462029719817,0.02,0.001,0.003569742,0.02,0.001,0.003569742,0.008,0.0004,0.004207,0.00277662,0.09183768,0.0,0.173453,0.016026,0.013074,0.21531,32.8033,42.4009,26.5,0.0588,0.1,0.02352,0.04,-57.1115,7.038700231858578,8.09528096372142,0.0,0.0,0.0,0.0,0.0,0.0,0.0,0.0,0.0,0.0,0.0,0.0,0.0,0.0,0.0,0.0,0.0,0.0,3.0,5.0,6.41624e-314,21.5,0.2796753797018735,1.752344949732385,0.9157010376050116,1.0,0.570156,1219.0,0.1035811201130173
64,64.0,64.0,64.0,64.0,64.0,64.0,209.0,86387.0,87.0,0.0373022947344712,0.02,0.001,0.000373527,0.02,0.001,0.000373527,0.008,0.0004,0.004292,0.00283272,0.0401808,0.0,0.521725,0.016863,0.006708,0.228678,29.8482,39.9171,26.5,0.2656,0.1,0.10624,0.04,-55.7884,4.411235856471003,4.597269798731923,0.0,0.0,0.0,0.0,0.0,0.0,0.0,0.0,0.0,0.0,0.0,0.0,0.0,0.0,0.0,0.0,0.0,0.0,3.0,5.0,6.47379e-314,20.5,0.2062266696844228,1.120472687853871,0.3243734140710773,2.0,0.731506,864.0,0.473806205965352
65,65.0,65.0,65.0,65.0,65.0,65.0,60.0,29894.0,94.0,0.0402859631837349,0.02,0.001,0.001106061,0.02,0.001,0.001106061,0.008,0.0004,0.004167,0.00275022,0.07335042,0.0,0.779131,0.048774,0.005772,0.274654,46.0792,58.8911,26.5,0.03788,0.1,0.01516,0.04,-57.7263,5.12910245883238,5.636548326430522,0.0,0.0,0.0,0.0,0.0,0.0,0.0,0.0,0.0,0.0,0.0,0.0,0.0,0.0,0.0,0.0,0.0,0.0,3.0,5.0,6.47643e-314,25.5,0.08470739830517,1.622663993062019,0.1048035812466567,2.0,0.132384,299.0,0.7953408784918385
66,66.0,66.0,66.0,66.0,66.0,66.0,18.0,57269.0,69.0,0.0211540133348978,0.02,0.001,0.001629144,0.02,0.001,0.001629144,0.008,0.0004,0.001561,0.00103026,0.096756,0.0,0.089404,0.033757,0.011329,0.170406,46.7291,50.9155,26.5,0.04636,0.1,0.01856,0.04,-58.9845,7.543770613942561,8.674929144075973,0.0,0.0,0.0,0.0,0.0,0.0,0.0,0.0,0.0,0.0,0.0,0.0,0.0,0.0,0.0,0.0,0.0,0.0,3.0,5.0,6.46968e-314,27.5,0.1911886694836547,2.1659092471406773,0.0638886948731283,3.0,0.5927370000000001,573.0,0.0666525492036146
67,67.0,67.0,67.0,67.0,67.0,67.0,17.0,76823.0,23.0,0.0379253760437507,0.02,0.001,0.000629805,0.02,0.001,0.000629805,0.008,0.0004,0.003929,0.00259314,0.08321148,0.0,0.5365,0.03487,0.009586,0.217772,26.194,39.7631,26.5,0.03552,0.1,0.0142,0.04,-55.4957,4.713367202804626,5.041736395947108,0.0,0.0,0.0,0.0,0.0,0.0,0.0,0.0,0.0,0.0,0.0,0.0,0.0,0.0,0.0,0.0,0.0,0.0,3.0,5.0,6.4793e-314,27.0,0.166341959871714,2.418301553479031,0.0517373814193381,2.0,0.557281,769.0,0.6829393621507238
68,68.0,68.0,68.0,68.0,68.0,68.0,246.0,126447.0,47.0,0.0316848176527054,0.02,0.001,0.0023141249999999,0.02,0.001,0.0023141249999999,0.008,0.0004,0.000687,0.00045342,0.08959434,0.0,1.23301,0.0209,0.005157,0.221316,40.2611,37.9809,26.5,0.05524,0.1,0.02208,0.04,-58.5018,10.84755054794777,11.909587379517278,0.0,0.0,0.0,0.0,0.0,0.0,0.0,0.0,0.0,0.0,0.0,0.0,0.0,0.0,0.0,0.0,0.0,0.0,3.0,5.0,4.26564e-314,30.0,0.2537604803081758,1.8984620361909623,0.358218378512841,2.0,0.791024,1265.0,0.3609436327544626
69,69.0,69.0,69.0,69.0,69.0,69.0,230.0,19032.0,32.0,0.0089467053683217,0.02,0.001,0.001122759,0.02,0.001,0.001122759,0.008,0.0004,0.000731,0.00048246,0.11013948,0.0,1.10455,0.030617,0.009014,0.14535,40.275,86.7534,26.5,0.02428,0.1,0.00972,0.04,-55.9748,8.5919195836237,9.797355814726975,0.0,0.0,0.0,0.0,0.0,0.0,0.0,0.0,0.0,0.0,0.0,0.0,0.0,0.0,0.0,0.0,0.0,0.0,3.0,5.0,4.11e-321,30.0,0.0831276736911682,2.156667791722867,0.078459133085241,3.0,0.32051,191.0,0.0757058316632592
70,70.0,70.0,70.0,70.0,70.0,70.0,157.0,61711.0,11.0,0.0180305804541827,0.02,0.001,0.001275219,0.02,0.001,0.001275219,0.008,0.0004,0.006814,0.00449724,0.04939836,0.0,0.45652,0.039964,0.000834,0.256725,46.8629,32.5446,26.5,0.53556,0.1,0.2142399999999999,0.04,-57.2308,4.8215941153453885,5.198541777967487,0.0,0.0,0.0,0.0,0.0,0.0,0.0,0.0,0.0,0.0,0.0,0.0,0.0,0.0,0.0,0.0,0.0,0.0,3.0,5.0,4.26057e-314,26.5,0.246789039136645,1.428812675165071,0.8387447792708133,2.0,0.550327,618.0,0.1151274858093365
71,71.0,71.0,71.0,71.0,71.0,71.0,3.0,4862.0,62.0,0.0303445672912213,0.02,0.001,0.002147508,0.02,0.001,0.002147508,0.008,0.0004,0.002845,0.0018777,0.0750057,0.0,0.643475,0.039086,0.008467,0.193632,41.0015,48.393,26.5,0.04184,0.1,0.01672,0.04,-55.0251,6.774537314605884,7.78110552480402,0.0,0.0,0.0,0.0,0.0,0.0,0.0,0.0,0.0,0.0,0.0,0.0,0.0,0.0,0.0,0.0,0.0,0.0,3.0,5.0,0.0,27.0,0.1567934198163745,3.4571049864746715,-0.193315018095703,1.0,0.102837,49.0,0.0063964066827954
72,72.0,72.0,72.0,72.0,72.0,72.0,113.0,25784.0,84.0,0.0439115911846099,0.02,0.001,0.001262151,0.02,0.001,0.001262151,0.008,0.0004,0.001078,0.00071148,0.06688242,0.0,0.700425,0.033353,0.002753,0.179312,41.9934,36.1814,26.5,0.66384,0.1,0.26556,0.04,-58.6638,7.843150347778815,9.006146675835696,0.0,0.0,0.0,0.0,0.0,0.0,0.0,0.0,0.0,0.0,0.0,0.0,0.0,0.0,0.0,0.0,0.0,0.0,3.0,5.0,6.43462e-314,27.0,0.0492810840664087,1.4301714666539815,-0.121592938178876,1.0,0.07176,258.0,0.7901667969558474
73,73.0,73.0,73.0,73.0,73.0,73.0,207.0,128975.0,75.0,0.0271116692941221,0.02,0.001,0.000889713,0.02,0.001,0.000889713,0.008,0.0004,0.001215,0.0008019,0.12420606,0.0,0.336454,0.027608,0.012766,0.275473,26.7407,65.8028,26.5,0.55976,0.1,0.2239199999999999,0.04,-58.8547,6.708675000262445,7.701549025417929,0.0,0.0,0.0,0.0,0.0,0.0,0.0,0.0,0.0,0.0,0.0,0.0,0.0,0.0,0.0,0.0,0.0,0.0,3.0,5.0,6.47386e-314,33.5,0.1807972487384197,2.1794781308473308,0.1675019447442703,2.0,0.750017,1290.0,0.0340569063502249
74,74.0,74.0,74.0,74.0,74.0,74.0,99.0,93708.0,8.0,0.0200715149572647,0.02,0.001,0.000656667,0.02,0.001,0.000656667,0.008,0.0004,0.001073,0.00070818,0.09276234,0.0,0.584407,0.024945,0.006876,0.206136,49.0341,44.5112,26.5,0.36608,0.1,0.14644,0.04,-57.4807,6.342103169918039,7.249549474405916,0.0,0.0,0.0,0.0,0.0,0.0,0.0,0.0,0.0,0.0,0.0,0.0,0.0,0.0,0.0,0.0,0.0,0.0,3.0,5.0,0.0,32.0,0.3154373125617935,2.395574695419638,0.8845138966676257,1.0,0.482783,938.0,0.7220315833329639
75,75.0,75.0,75.0,75.0,75.0,75.0,184.0,59439.0,39.0,0.034939109835085,0.02,0.001,0.002365671,0.02,0.001,0.002365671,0.008,0.0004,0.005979,0.00394614,0.09355962,0.0,0.404357,0.070625,0.004126,0.331394,37.1422,19.0444,26.5,0.05444,0.1,0.02176,0.04,-59.0911,5.61325784649245,6.302467032160671,0.0,0.0,0.0,0.0,0.0,0.0,0.0,0.0,0.0,0.0,0.0,0.0,0.0,0.0,0.0,0.0,0.0,0.0,3.0,5.0,6.48381e-314,32.5,0.0685536210506779,1.786360669311127,-0.242806862930911,4.0,0.865813,595.0,0.8969086100815372
76,76.0,76.0,76.0,76.0,76.0,76.0,133.0,16929.0,29.0,0.0293789333340315,0.02,0.001,0.001188462,0.02,0.001,0.001188462,0.008,0.0004,0.000894,0.00059004,0.09901452,0.0,0.826401,0.048194,0.005129,0.206697,42.8819,25.4254,26.5,0.48284,0.1,0.1931199999999999,0.04,-58.1414,8.187092407714198,9.375959092221775,0.0,0.0,0.0,0.0,0.0,0.0,0.0,0.0,0.0,0.0,0.0,0.0,0.0,0.0,0.0,0.0,0.0,0.0,3.0,5.0,6.43667e-314,32.0,0.1451101826034929,2.027685076413781,0.1666253883008864,1.0,0.09208,170.0,0.6370641599813553
77,77.0,77.0,77.0,77.0,77.0,77.0,75.0,93708.0,8.0,0.033053000399445,0.02,0.001,0.000393492,0.02,0.001,0.000393492,0.008,0.0004,0.003026,0.00199716,0.09276234,0.0,0.584407,0.024945,0.006876,0.206136,49.0341,44.5112,26.5,0.36608,0.1,0.14644,0.04,-57.4807,4.589769060543516,4.861064046404084,0.0,0.0,0.0,0.0,0.0,0.0,0.0,0.0,0.0,0.0,0.0,0.0,0.0,0.0,0.0,0.0,0.0,0.0,3.0,5.0,0.0,32.0,0.3154373125617935,2.395574695419638,0.8845138966676257,1.0,0.482783,938.0,0.7220315833329639
78,78.0,78.0,78.0,78.0,78.0,78.0,79.0,20578.0,78.0,0.0412535014496103,0.02,0.001,0.001894497,0.02,0.001,0.001894497,0.008,0.0004,0.005498,0.00362868,0.08590296,0.0,0.513414,0.032261,0.008408,0.211527,40.9378,29.8863,26.5,0.31952,0.1,0.1278,0.04,-54.6045,5.42746041340255,6.05040422497672,0.0,0.0,0.0,0.0,0.0,0.0,0.0,0.0,0.0,0.0,0.0,0.0,0.0,0.0,0.0,0.0,0.0,0.0,3.0,5.0,6.48101e-314,32.5,0.1368009224976859,2.4530725439727017,-0.0876444544208026,1.0,0.087791,206.0,0.5136713742257065
79,79.0,79.0,79.0,79.0,79.0,79.0,138.0,96115.0,15.0,0.0274658599355456,0.02,0.001,0.001628055,0.02,0.001,0.001628055,0.008,0.0004,0.007248,0.00478368,0.07977156,0.0,0.518935,0.036423,0.006025,0.21723,37.2291,45.6106,26.5,0.52684,0.1,0.21072,0.04,-56.7504,4.970307703941588,5.411785081378665,0.0,0.0,0.0,0.0,0.0,0.0,0.0,0.0,0.0,0.0,0.0,0.0,0.0,0.0,0.0,0.0,0.0,0.0,3.0,5.0,0.0,31.5,0.2931477509335349,1.7655691548594232,1.0163686986550062,2.0,0.655368,962.0,0.4213341007946707
80,80.0,80.0,80.0,80.0,80.0,80.0,158.0,9189.0,89.0,0.0331758802233213,0.02,0.001,0.001492656,0.02,0.001,0.001492656,0.008,0.0004,0.002897,0.00191202,0.07929174,0.0,1.16433,0.024393,0.007597,0.213285,27.5197,63.0301,26.5,0.32332,0.1,0.12932,0.04,-58.9148,6.0275423189550885,6.848864709231375,0.0,0.0,0.0,0.0,0.0,0.0,0.0,0.0,0.0,0.0,0.0,0.0,0.0,0.0,0.0,0.0,0.0,0.0,3.0,5.0,6.41057e-314,31.5,0.0651286277666253,2.2394668665972626,-0.3359121239067497,1.0,0.093176,92.0,0.7848984599183965
81,81.0,81.0,81.0,81.0,81.0,81.0,249.0,8791.0,91.0,0.0331218453754373,0.02,0.001,0.000477345,0.02,0.001,0.000477345,0.008,0.0004,0.004405,0.0029073,0.07674348,0.0,0.818118,0.034941,0.005877,0.214867,46.6266,56.8974,26.5,0.3916,0.1,0.15664,0.04,-58.1447,4.5002132650662245,4.72913968436417,0.0,0.0,0.0,0.0,0.0,0.0,0.0,0.0,0.0,0.0,0.0,0.0,0.0,0.0,0.0,0.0,0.0,0.0,3.0,5.0,4.26367e-314,31.0,0.0952678970825941,2.2702566009648293,-0.3599925656607902,1.0,0.082555,88.0,0.5355910607726166
82,82.0,82.0,82.0,82.0,82.0,82.0,20.0,18751.0,51.0,0.0282526423738555,0.02,0.001,0.000356829,0.02,0.001,0.000356829,0.008,0.0004,0.001674,0.00110484,0.04337388,0.0,0.840123,0.019278,0.006189,0.244279,33.9161,13.0703,26.5,0.33636,0.1,0.1345599999999999,0.04,-56.5286,4.9251152129791045,5.347259960525315,0.0,0.0,0.0,0.0,0.0,0.0,0.0,0.0,0.0,0.0,0.0,0.0,0.0,0.0,0.0,0.0,0.0,0.0,3.0,5.0,4.28012e-314,31.0,0.0733808472696326,1.988699581376193,-0.3642063157096676,3.0,0.2505469999999999,188.0,0.9163608538038144
83,83.0,83.0,83.0,83.0,83.0,83.0,21.0,25443.0,43.0,0.0229441467316359,0.02,0.001,0.001709367,0.02,0.001,0.001709367,0.008,0.0004,0.000966,0.00063756,0.14874552,0.0,0.442529,0.02834,0.00633,0.091962,48.5021,66.1755,26.5,0.01604,0.1,0.0064,0.04,-55.4764,8.998867398574252,10.206728666435053,0.0,0.0,0.0,0.0,0.0,0.0,0.0,0.0,0.0,0.0,0.0,0.0,0.0,0.0,0.0,0.0,0.0,0.0,3.0,5.0,0.0,38.5,0.083824713697274,1.83541645798687,0.2693474609161878,1.0,0.094269,255.0,0.1099918947720538
84,84.0,84.0,84.0,84.0,84.0,84.0,70.0,93511.0,11.0,0.03152309125059,0.02,0.001,0.00089298,0.02,0.001,0.00089298,0.008,0.0004,0.006799,0.00448734,0.06688572,0.0,1.16484,0.023226,0.001449,0.169268,32.2959,69.861,26.5,0.52844,0.1,0.21136,0.04,-57.4949,4.595125755436729,4.868928500448408,0.0,0.0,0.0,0.0,0.0,0.0,0.0,0.0,0.0,0.0,0.0,0.0,0.0,0.0,0.0,0.0,0.0,0.0,3.0,5.0,4.26057e-314,37.0,0.0821939680096291,1.976942292539121,-0.2918918100748738,2.0,0.334481,936.0,0.5001565731641553
85,85.0,85.0,85.0,85.0,85.0,85.0,126.0,20957.0,57.0,0.0297352056975779,0.02,0.001,0.00194205,0.02,0.001,0.00194205,0.008,0.0004,0.001126,0.00074316,0.10793112,0.0,0.543443,0.021925,0.00766,0.236267,39.4812,49.9505,26.5,0.40812,0.1,0.16324,0.04,-58.8598,8.924628854515309,10.133070935044094,0.0,0.0,0.0,0.0,0.0,0.0,0.0,0.0,0.0,0.0,0.0,0.0,0.0,0.0,0.0,0.0,0.0,0.0,3.0,5.0,4.27993e-314,38.5,0.1547287809305919,2.9008020426940746,0.2174146481480354,3.0,0.285126,210.0,0.7638550149838144
86,86.0,86.0,86.0,86.0,86.0,86.0,0.0,19732.0,32.0,0.0295903848468088,0.02,0.001,0.002373657,0.02,0.001,0.002373657,0.008,0.0004,0.004953,0.00326898,0.10457634,0.0,0.723412,0.026271,0.007702,0.233534,49.2477,71.356,26.5,0.38592,0.1,0.15436,0.04,-58.0718,5.905811375857859,6.690541401081372,0.0,0.0,0.0,0.0,0.0,0.0,0.0,0.0,0.0,0.0,0.0,0.0,0.0,0.0,0.0,0.0,0.0,0.0,3.0,5.0,4.11e-321,39.5,0.0766715227168098,3.644332199135401,-0.2227973154527783,1.0,0.08431,198.0,0.5343612712707303
87,87.0,87.0,87.0,87.0,87.0,87.0,51.0,84443.0,43.0,0.022309844977009,0.02,0.001,0.000461373,0.02,0.001,0.000461373,0.008,0.0004,0.000878,0.00057948,0.09654942,0.0,0.948789,0.036398,0.005208,0.241011,34.7926,57.9092,26.5,0.03984,0.1,0.01592,0.04,-57.7058,6.061694186607431,6.892952883614053,0.0,0.0,0.0,0.0,0.0,0.0,0.0,0.0,0.0,0.0,0.0,0.0,0.0,0.0,0.0,0.0,0.0,0.0,3.0,5.0,0.0,41.0,0.1565516012927089,3.249761223070533,-0.1124867599532217,1.0,0.322937,845.0,0.2393839104525806
88,88.0,88.0,88.0,88.0,88.0,88.0,7.0,30834.0,34.0,0.0347351917406196,0.02,0.001,0.000474804,0.02,0.001,0.000474804,0.008,0.0004,0.002118,0.00139788,0.10691934,0.0,0.533261,0.017662,0.006696,0.267969,48.4125,47.0551,26.5,0.0162,0.1,0.00648,0.04,-57.7648,4.968555458053117,5.409287815140029,0.0,0.0,0.0,0.0,0.0,0.0,0.0,0.0,0.0,0.0,0.0,0.0,0.0,0.0,0.0,0.0,0.0,0.0,3.0,5.0,6.47436e-314,43.5,0.0595513429711684,3.1161714535005176,-0.2500089866592993,3.0,0.326999,309.0,3.974983415489596
89,89.0,89.0,89.0,89.0,89.0,89.0,29.0,30834.0,34.0,0.0409593575105529,0.02,0.001,0.000930732,0.02,0.001,0.000930732,0.008,0.0004,0.001453,0.00095898,0.10691934,0.0,0.533261,0.017662,0.006696,0.267969,48.4125,47.0551,26.5,0.0162,0.1,0.00648,0.04,-57.7648,6.431570871132162,7.36132802939748,0.0,0.0,0.0,0.0,0.0,0.0,0.0,0.0,0.0,0.0,0.0,0.0,0.0,0.0,0.0,0.0,0.0,0.0,3.0,5.0,6.47436e-314,43.5,0.0595513429711684,3.1161714535005176,-0.2500089866592993,3.0,0.326999,309.0,1.8548814497667747
90,90.0,90.0,90.0,90.0,90.0,90.0,213.0,95852.0,52.0,0.0288193589105141,0.02,0.001,0.001106061,0.02,0.001,0.001106061,0.008,0.0004,0.003713,0.00245058,0.097581,0.0,1.42988,0.011452,0.003936,0.176148,60.2873,48.6699,26.5,0.01668,0.1,0.00668,0.04,-57.8802,5.252989565301638,5.809745532093046,0.0,0.0,0.0,0.0,0.0,0.0,0.0,0.0,0.0,0.0,0.0,0.0,0.0,0.0,0.0,0.0,0.0,0.0,3.0,5.0,6.4145e-314,40.5,0.2238928835907213,3.292203562395338,0.6560812727279477,2.0,0.491775,959.0,0.8738708289591678
91,91.0,91.0,91.0,91.0,91.0,91.0,43.0,22936.0,36.0,0.0243272125066271,0.02,0.001,0.000975744,0.02,0.001,0.000975744,0.008,0.0004,0.006583,0.00434478,0.0791241,0.0,0.603754,0.026203,0.003391,0.245675,31.5839,71.6209,26.5,0.191,0.1,0.0764,0.04,-56.1499,4.66425110399285,4.970139371843299,0.0,0.0,0.0,0.0,0.0,0.0,0.0,0.0,0.0,0.0,0.0,0.0,0.0,0.0,0.0,0.0,0.0,0.0,3.0,5.0,6.41236e-314,42.5,0.1352538554336306,2.8250276579076496,-0.2892408794346428,1.0,0.080172,230.0,0.9321730053842482
92,92.0,92.0,92.0,92.0,92.0,92.0,175.0,118040.0,40.0,0.043106127674762,0.02,0.001,0.000474804,0.02,0.001,0.000474804,0.008,0.0004,0.002118,0.00139788,0.0818928,0.0,0.385039,0.01836,0.002122,0.261265,54.5383,61.9532,26.5,0.03812,0.1,0.01524,0.04,-58.0207,4.968555458053117,5.409287815140029,0.0,0.0,0.0,0.0,0.0,0.0,0.0,0.0,0.0,0.0,0.0,0.0,0.0,0.0,0.0,0.0,0.0,0.0,3.0,5.0,6.44043e-314,41.5,0.1824617230482969,3.010667342300574,0.3768542096945579,1.0,0.456195,1181.0,0.8904517805949197
93,93.0,93.0,93.0,93.0,93.0,93.0,248.0,64086.0,86.0,0.0274140458789417,0.02,0.001,0.001764543,0.02,0.001,0.001764543,0.008,0.0004,0.00043,0.0002838,0.12081564,0.0,1.02961,0.000688,0.009043,0.179669,52.8971,50.3408,26.5,0.02956,0.1,0.01184,0.04,-58.8162,11.3721634701353,12.352082617207222,0.0,0.0,0.0,0.0,0.0,0.0,0.0,0.0,0.0,0.0,0.0,0.0,0.0,0.0,0.0,0.0,0.0,0.0,3.0,5.0,6.47175e-314,46.0,0.2003419987265776,3.595305348055469,0.538009903654009,2.0,0.379016,641.0,0.1564169288636622
94,94.0,94.0,94.0,94.0,94.0,94.0,5.0,100291.0,91.0,0.0195881219955758,0.02,0.001,0.001738044,0.02,0.001,0.001738044,0.008,0.0004,0.005075,0.0033495,0.09506838,0.0,1.42604,0.046807,0.00492,0.360487,48.4372,19.2787,26.5,0.06524,0.1,0.02612,0.04,-55.1491,5.41968067690866,6.039754742649669,0.0,0.0,0.0,0.0,0.0,0.0,0.0,0.0,0.0,0.0,0.0,0.0,0.0,0.0,0.0,0.0,0.0,0.0,3.0,5.0,4.24996e-314,46.0,0.457842148482018,4.344182195413319,2.074611809429565,2.0,0.563183,1003.0,7.621146652271758
95,95.0,95.0,95.0,95.0,95.0,95.0,243.0,62649.0,49.0,0.0274882769837572,0.02,0.001,0.000939444,0.02,0.001,0.000939444,0.008,0.0004,0.001433,0.00094578,0.1238952,0.0,0.790499,0.027088,0.009039,0.237393,60.3368,63.8473,26.5,0.06844,0.1,0.02736,0.04,-55.3432,6.478000168473246,7.418960342656568,0.0,0.0,0.0,0.0,0.0,0.0,0.0,0.0,0.0,0.0,0.0,0.0,0.0,0.0,0.0,0.0,0.0,0.0,3.0,5.0,6.41506e-314,51.0,0.0962337273531502,3.3291393346230715,-0.0690350466010926,3.0,0.55748,627.0,0.7522040556258769
96,96.0,96.0,96.0,96.0,96.0,96.0,39.0,61033.0,33.0,0.0307714496433548,0.02,0.001,0.001883244,0.02,0.001,0.001883244,0.008,0.0004,0.002276,0.00150216,0.11586696,0.0,0.670649,0.028634,0.008212,0.289875,35.9476,85.1163,26.5,0.05904,0.1,0.02364,0.04,-55.0532,6.980524858213135,8.026758399907132,0.0,0.0,0.0,0.0,0.0,0.0,0.0,0.0,0.0,0.0,0.0,0.0,0.0,0.0,0.0,0.0,0.0,0.0,3.0,5.0,6.47963e-314,51.0,0.0478350131887942,4.170507715602191,-0.1916858745625423,1.0,0.089422,611.0,0.0774027578475705
97,97.0,97.0,97.0,97.0,97.0,97.0,103.0,59288.0,88.0,0.025837619860353,0.02,0.001,0.001042536,0.02,0.001,0.001042536,0.008,0.0004,0.005383,0.00355278,0.10153242,0.0,0.792337,0.03906,0.001713,0.261304,48.1723,38.9807,26.5,0.03328,0.1,0.01332,0.04,-56.4593,4.847685375765932,5.236142936889379,0.0,0.0,0.0,0.0,0.0,0.0,0.0,0.0,0.0,0.0,0.0,0.0,0.0,0.0,0.0,0.0,0.0,0.0,3.0,5.0,6.4722e-314,56.0,0.0569602269311784,3.7518484206960734,-0.1031413131766401,2.0,0.415612,593.0,6.14310629514372
98,98.0,98.0,98.0,98.0,98.0,98.0,27.0,11042.0,42.0,0.033125170068232,0.02,0.001,0.000637791,0.02,0.001,0.000637791,0.008,0.0004,0.003559,0.00234894,0.0555984,0.0,0.517719,0.042898,0.008372,0.205315,26.2256,54.7461,26.5,0.03692,0.1,0.01476,0.04,-55.4971,4.789726671467776,5.1525093451238835,0.0,0.0,0.0,0.0,0.0,0.0,0.0,0.0,0.0,0.0,0.0,0.0,0.0,0.0,0.0,0.0,0.0,0.0,3.0,5.0,6.47292e-314,11.5,0.1897539497804378,0.1423560443417587,0.0525041273548164,2.0,0.235101,111.0,0.0919007465235205
99,99.0,99.0,99.0,99.0,99.0,99.0,60.0,29894.0,94.0,0.023569306199639,0.02,0.001,0.002055669,0.02,0.001,0.002055669,0.008,0.0004,0.006973,0.00460218,0.07335042,0.0,0.779131,0.048774,0.005772,0.274654,46.0792,58.8911,26.5,0.03788,0.1,0.01516,0.04,-57.7263,5.241306699209877,5.7934941988624695,0.0,0.0,0.0,0.0,0.0,0.0,0.0,0.0,0.0,0.0,0.0,0.0,0.0,0.0,0.0,0.0,0.0,0.0,3.0,5.0,6.47643e-314,25.5,0.08470739830517,1.622663993062019,0.1048035812466567,2.0,0.132384,299.0,0.7953408784918385
