,Unnamed: 0.8,Unnamed: 0.7,Unnamed: 0.6,Unnamed: 0.5,Unnamed: 0.4,Unnamed: 0.3,Unnamed: 0.2,Unnamed: 0.1,Unnamed: 0,gTON_STN_MEAN_nS_pF,gTON_STN_SIGMA,gTON_STN_THETA,gTON_CL_S_MEAN_nS_pF,gTON_CL_S_SIGMA,gTON_CL_S_THETA,gTON_CL_D_MEAN_nS_pF,gTON_CL_D_SIGMA,gTON_CL_D_THETA,gKCC2_S_nS_pF,gKCC2_D_nS_pF,gTRPC3_nS_pF,gHCN_nS_pF,gCA_nS_pF,gL_nS_pF,gSK_nS_pF,gNAP_nS_pF,gNAF_nS_pF,gKDR_nS_pF,gSD_nS,soma_noise_intensity,soma_noise_intensity_theta,dend_noise_intensity,dend_noise_intensity_theta,Eleak_mV,CL_in_S,CL_in_D,Iapp,Iapp_dend,gpe_stim,gpe_stim_freqs,gpe_poisson,W_gpe,gpe_start_time,gpe_base_length,gpe_stim_length,gpe_post_length,str_stim,str_stim_freqs,str_poisson,W_str,str_start_time,str_base_length,str_stim_length,str_post_length,tausyn,tauexc,tausyn_dend,pre_exp_fr,pre_exp_cv,pre_exp_fr_zscore,pre_exp_cv_zscore,connections,total_weight,sim,rel_error
0,0.0,0.0,0.0,0.0,0.0,0.0,185.0,81528.0,28.0,0.0408571664454517,0.02,0.001,0.0047201,0.02,0.001,0.0031152659999999,0.008,0.0004,0.00068706,0.002082,0.11312,0.0,0.548279,0.036129,0.009109,0.134614,32.0256,51.2327,26.5,0.61344,0.1,0.2454,0.04,-59.4177,12.558891524438636,8.51772940796461,0.0,0.0,0.0,0.0,0.0,0.0,0.0,0.0,0.0,0.0,0.0,0.0,0.0,0.0,0.0,0.0,0.0,0.0,3.0,5.0,4.82e-321,4.0,0.2502248238373493,-0.5753229731691537,0.6737822922654476,2.0,0.622449,816.0,0.0254303052102637
1,1.0,1.0,1.0,1.0,1.0,1.0,186.0,47103.0,3.0,0.0505990794369858,0.02,0.001,0.0067694,0.02,0.001,0.004467804,0.008,0.0004,0.00028314,0.000858,0.086856,0.0,0.887928,0.052616,0.006945,0.161861,36.662,54.0916,26.5,0.4749599999999999,0.1,0.1900199999999999,0.04,-56.768,14.247895531800136,11.9565745687905,0.0,0.0,0.0,0.0,0.0,0.0,0.0,0.0,0.0,0.0,0.0,0.0,0.0,0.0,0.0,0.0,0.0,0.0,3.0,5.0,0.0,2.0,0.3031521925575683,-1.0507809531188013,0.5900853689817129,5.0,0.991818,472.0,0.0029379924573373
2,2.0,2.0,2.0,2.0,2.0,2.0,96.0,92307.0,7.0,0.0383825300098593,0.02,0.001,0.0035409,0.02,0.001,0.002336994,0.008,0.0004,0.00422433,0.012801,0.076186,0.0,1.06154,0.035062,0.008455,0.128097,39.7854,27.1872,26.5,0.28938,0.1,0.1157399999999998,0.04,-57.8084,7.010354255692064,4.803217032567048,0.0,0.0,0.0,0.0,0.0,0.0,0.0,0.0,0.0,0.0,0.0,0.0,0.0,0.0,0.0,0.0,0.0,0.0,3.0,5.0,0.0,4.0,0.1035066399256608,-0.3414357566149363,0.021572847003538,1.0,0.236075,924.0,0.0152651620365879
3,3.0,3.0,3.0,3.0,3.0,3.0,188.0,58164.0,64.0,0.0587764591492944,0.02,0.001,0.0009845,0.02,0.001,0.0006497699999999,0.008,0.0004,0.00106689,0.003233,0.074683,0.0,0.636782,0.044076,0.010724,0.15529,50.4488,63.0627,26.5,0.46038,0.1,0.18414,0.04,-60.5303,7.237803728212147,4.8768115455878815,0.0,0.0,0.0,0.0,0.0,0.0,0.0,0.0,0.0,0.0,0.0,0.0,0.0,0.0,0.0,0.0,0.0,0.0,3.0,5.0,3.14384e-319,3.0,0.1471589176676803,-0.7329459941620562,0.0061029771133743,2.0,0.090351,582.0,0.0240742555080489
4,4.0,4.0,4.0,4.0,4.0,4.0,150.0,78859.0,59.0,0.0599756097675586,0.02,0.001,0.0057563,0.02,0.001,0.003799158,0.008,0.0004,0.00043296,0.001312,0.09451,0.0,0.533496,0.03053,0.007169,0.115043,12.8204,60.4706,26.5,0.06576,0.1,0.02628,0.04,-55.5179,13.643227554753683,10.42617790766416,0.0,0.0,0.0,0.0,0.0,0.0,0.0,0.0,0.0,0.0,0.0,0.0,0.0,0.0,0.0,0.0,0.0,0.0,3.0,5.0,6.48281e-314,3.0,0.3560571026154536,-0.90280820983851,1.1003922868336986,2.0,0.651833,789.0,0.0776641284698416
5,5.0,5.0,5.0,5.0,5.0,5.0,23.0,66110.0,10.0,0.0480916350809185,0.02,0.001,0.0035332,0.02,0.001,0.002331912,0.008,0.0004,0.0008877,0.00269,0.100318,0.0,1.19935,0.015899,0.010233,0.210238,29.0481,18.641,26.5,0.8139,0.1,0.32556,0.04,-56.5581,11.293199919661411,7.088748273941684,0.0,0.0,0.0,0.0,0.0,0.0,0.0,0.0,0.0,0.0,0.0,0.0,0.0,0.0,0.0,0.0,0.0,0.0,3.0,5.0,1e-323,3.5,0.0872836680596964,-0.5687580516638726,-0.2804324911293014,3.0,0.71033,662.0,0.0382155270387607
6,6.0,6.0,6.0,6.0,6.0,6.0,210.0,118476.0,76.0,0.0532351898707728,0.02,0.001,0.0052162,0.02,0.001,0.003442692,0.008,0.0004,0.00111936,0.003392,0.057962,0.0,0.675808,0.043778,0.00805,0.169077,19.2961,52.2104,26.5,0.06372,0.1,0.0254999999999998,0.04,-56.3618,11.69135864127112,7.473061188468443,0.0,0.0,0.0,0.0,0.0,0.0,0.0,0.0,0.0,0.0,0.0,0.0,0.0,0.0,0.0,0.0,0.0,0.0,3.0,5.0,6.40663e-314,4.5,0.3945991857359928,-0.5907453937081006,1.016948331832718,2.0,0.924156,1185.0,0.0424577275202442
7,7.0,7.0,7.0,7.0,7.0,7.0,172.0,124120.0,20.0,0.0483255636035616,0.02,0.001,0.003817,0.02,0.001,0.00251922,0.008,0.0004,0.00141108,0.004276,0.110732,0.0,0.764274,0.054807,0.008124,0.1595,43.4084,63.5912,26.5,0.5309399999999999,0.1,0.2124,0.04,-58.9219,10.232173330532884,6.269471845464871,0.0,0.0,0.0,0.0,0.0,0.0,0.0,0.0,0.0,0.0,0.0,0.0,0.0,0.0,0.0,0.0,0.0,0.0,3.0,5.0,6.47844e-314,4.0,0.1989401832901281,-0.4660118681991761,0.21086965607091,1.0,0.238459,1242.0,0.0065670445809396
8,8.0,8.0,8.0,8.0,8.0,8.0,223.0,48987.0,87.0,0.0578517798324366,0.02,0.001,0.0069069,0.02,0.001,0.004558554,0.008,0.0004,0.00057651,0.001747,0.092705,0.0,0.430305,0.048689,0.008068,0.169934,31.1721,38.8836,26.5,0.36312,0.1,0.14526,0.04,-57.8398,13.503496235110171,10.12880438417586,0.0,0.0,0.0,0.0,0.0,0.0,0.0,0.0,0.0,0.0,0.0,0.0,0.0,0.0,0.0,0.0,0.0,0.0,3.0,5.0,6.44555e-314,4.0,0.3617382682855741,-0.5472940684483523,1.1759202138682998,3.0,0.67847,490.0,0.0782889064418901
9,9.0,9.0,9.0,9.0,9.0,9.0,193.0,19149.0,49.0,0.038750512144307,0.02,0.001,0.0026609,0.02,0.001,0.001756194,0.008,0.0004,0.00145365,0.004405,0.128077,0.0,0.846194,0.031748,0.01435,0.236351,32.1249,56.4262,26.5,0.8237999999999999,0.1,0.32952,0.04,-57.784,9.097201694960194,5.624070624508045,0.0,0.0,0.0,0.0,0.0,0.0,0.0,0.0,0.0,0.0,0.0,0.0,0.0,0.0,0.0,0.0,0.0,0.0,3.0,5.0,6.41663e-314,9.0,0.3542399154597326,-0.0632888037083952,0.933455787648628,3.0,0.359607,192.0,0.0143051857809303
10,10.0,10.0,10.0,10.0,10.0,10.0,46.0,22545.0,45.0,0.0406356494402773,0.02,0.001,0.0032186,0.02,0.001,0.002124276,0.008,0.0004,0.00117084,0.003548,0.095379,0.0,0.790757,0.037773,0.007262,0.178878,27.7186,48.2671,26.5,0.6384599999999998,0.1,0.25536,0.04,-58.4186,10.278267760835684,6.30003213367302,0.0,0.0,0.0,0.0,0.0,0.0,0.0,0.0,0.0,0.0,0.0,0.0,0.0,0.0,0.0,0.0,0.0,0.0,3.0,5.0,0.0,9.5,0.0677181912060259,0.1400844219791328,-0.2259302658255842,1.0,0.08862,226.0,0.1354856524509147
11,11.0,11.0,11.0,11.0,11.0,11.0,82.0,102829.0,29.0,0.0579367431978505,0.02,0.001,0.0010032,0.02,0.001,0.000662112,0.008,0.0004,0.00184998,0.005606,0.083728,0.0,0.74875,0.038174,0.008076,0.20181,44.032,46.6504,26.5,0.05802,0.1,0.0232199999999998,0.04,-57.1775,6.117262058663208,4.540579553541932,0.0,0.0,0.0,0.0,0.0,0.0,0.0,0.0,0.0,0.0,0.0,0.0,0.0,0.0,0.0,0.0,0.0,0.0,3.0,5.0,6.4009e-314,8.5,0.3493440392379997,0.0012781716040662,1.123857853601901,3.0,1.211377,1029.0,0.0070973463348527
12,12.0,12.0,12.0,12.0,12.0,12.0,139.0,79571.0,71.0,0.0395789629789327,0.02,0.001,0.0036124,0.02,0.001,0.002384184,0.008,0.0004,0.00103191,0.003127,0.099648,0.0,0.629857,0.037472,0.01047,0.148956,38.546,47.5841,26.5,0.69168,0.1,0.27666,0.04,-56.0686,10.952375160650984,6.796566709428389,0.0,0.0,0.0,0.0,0.0,0.0,0.0,0.0,0.0,0.0,0.0,0.0,0.0,0.0,0.0,0.0,0.0,0.0,3.0,5.0,4.24751e-314,9.5,0.1453491971958857,0.0850403240103491,-0.1940842271680165,1.0,0.421595,796.0,0.0389541053227404
13,13.0,13.0,13.0,13.0,13.0,13.0,241.0,88926.0,26.0,0.0435259955759959,0.02,0.001,0.0045232,0.02,0.001,0.002985312,0.008,0.0004,0.00095601,0.002897,0.063839,0.0,0.470485,0.027191,0.009969,0.186572,47.0454,20.4499,26.5,0.57192,0.1,0.2287799999999999,0.04,-58.4085,11.728419009416925,7.511481277264553,0.0,0.0,0.0,0.0,0.0,0.0,0.0,0.0,0.0,0.0,0.0,0.0,0.0,0.0,0.0,0.0,0.0,0.0,3.0,5.0,4.11e-321,5.5,0.4658087204834373,-0.4470508676769117,1.5797431871171563,2.0,0.538683,890.0,0.0012526008217884
14,14.0,14.0,14.0,14.0,14.0,14.0,102.0,1853.0,53.0,0.0334251336940156,0.02,0.001,0.0015741,0.02,0.001,0.001038906,0.008,0.0004,0.00041151,0.001247,0.086169,0.0,0.798471,0.036765,0.008085,0.171093,33.7487,47.2315,26.5,0.0661199999999998,0.1,0.0264599999999999,0.04,-57.287,11.189232348742475,6.9962894774926045,0.0,0.0,0.0,0.0,0.0,0.0,0.0,0.0,0.0,0.0,0.0,0.0,0.0,0.0,0.0,0.0,0.0,0.0,3.0,5.0,4.26863e-314,8.5,0.1154294022543187,0.0809781793206134,-0.3109615887683641,2.0,0.227193,19.0,0.0083678699331265
15,15.0,15.0,15.0,15.0,15.0,15.0,89.0,74804.0,4.0,0.0461349406657412,0.02,0.001,0.0040469,0.02,0.001,0.002670954,0.008,0.0004,0.00162525,0.004925,0.096489,0.0,0.655395,0.04531,0.009221,0.16168,41.1366,52.1033,26.5,0.0624,0.1,0.0249599999999999,0.04,-55.8911,9.99368755300353,6.117425199640824,0.0,0.0,0.0,0.0,0.0,0.0,0.0,0.0,0.0,0.0,0.0,0.0,0.0,0.0,0.0,0.0,0.0,0.0,3.0,5.0,0.0,7.0,0.3495862436722388,-0.0164055077626972,1.627848448769258,3.0,0.952438,749.0,0.0177092187246343
16,16.0,16.0,16.0,16.0,16.0,16.0,167.0,42252.0,52.0,0.0403110951830235,0.02,0.001,0.0094193,0.02,0.001,0.006216738,0.008,0.0004,0.00051348,0.001556,0.112891,0.0,0.732641,0.044424,0.00803,0.146116,44.1692,53.0108,26.5,0.0595799999999999,0.1,0.0238199999999999,0.04,-57.7285,14.0103568150715,11.303076615290545,0.0,0.0,0.0,0.0,0.0,0.0,0.0,0.0,0.0,0.0,0.0,0.0,0.0,0.0,0.0,0.0,0.0,0.0,3.0,5.0,6.41321e-314,8.5,0.494507504299548,-0.1418973249540882,1.3162429017963329,2.0,0.240822,423.0,0.0083864631114698
17,17.0,17.0,17.0,17.0,17.0,17.0,45.0,14965.0,65.0,0.0540711018104361,0.02,0.001,0.006226,0.02,0.001,0.00410916,0.008,0.0004,0.0002343,0.00071,0.115079,0.0,0.581415,0.050626,0.010004,0.181358,35.4941,44.8527,26.5,0.67266,0.1,0.2691,0.04,-58.9538,14.328635846244413,12.19649776050167,0.0,0.0,0.0,0.0,0.0,0.0,0.0,0.0,0.0,0.0,0.0,0.0,0.0,0.0,0.0,0.0,0.0,0.0,3.0,5.0,6.40597e-314,7.5,0.1825167668614295,-0.1055090214204873,0.1926688235356071,1.0,0.079759,150.0,0.0023569674724055
18,18.0,18.0,18.0,18.0,18.0,18.0,178.0,94194.0,94.0,0.0311434033284417,0.02,0.001,0.0083677,0.02,0.001,0.005522682,0.008,0.0004,0.00046332,0.001404,0.071439,0.0,0.37301,0.048852,0.007901,0.222205,53.9703,40.6479,26.5,0.56052,0.1,0.22422,0.04,-55.5352,13.99467536142607,11.262492980829524,0.0,0.0,0.0,0.0,0.0,0.0,0.0,0.0,0.0,0.0,0.0,0.0,0.0,0.0,0.0,0.0,0.0,0.0,3.0,5.0,6.43749e-314,15.0,0.2114224202764801,0.3120005639979782,0.4149010145629286,5.0,1.5838800000000002,942.0,0.0105635858949293
19,19.0,19.0,19.0,19.0,19.0,19.0,141.0,24121.0,21.0,0.0405745338190087,0.02,0.001,0.0021681,0.02,0.001,0.001430946,0.008,0.0004,0.00075075,0.002275,0.111692,0.0,0.785676,0.037941,0.011605,0.242746,37.1989,36.0446,26.5,0.42828,0.1,0.1713,0.04,-56.0436,10.41855125929992,6.395514641849474,0.0,0.0,0.0,0.0,0.0,0.0,0.0,0.0,0.0,0.0,0.0,0.0,0.0,0.0,0.0,0.0,0.0,0.0,3.0,5.0,4.25267e-314,13.5,0.1086859170487177,0.337601707425912,-0.1698934610330177,1.0,0.059864,242.0,0.2015567140014074
20,20.0,20.0,20.0,20.0,20.0,20.0,161.0,48844.0,44.0,0.0466175664131894,0.02,0.001,0.0054395,0.02,0.001,0.00359007,0.008,0.0004,0.00015972,0.000484,0.123167,0.0,0.813395,0.04606,0.010708,0.239144,36.3017,51.0969,26.5,0.06744,0.1,0.0269999999999999,0.04,-56.0625,14.491193980434922,12.70998176386403,0.0,0.0,0.0,0.0,0.0,0.0,0.0,0.0,0.0,0.0,0.0,0.0,0.0,0.0,0.0,0.0,0.0,0.0,3.0,5.0,0.0,15.0,0.2720563388494896,1.746455933671681,0.8068734525406234,2.0,0.360717,489.0,0.0560098807242176
21,21.0,21.0,21.0,21.0,21.0,21.0,203.0,90928.0,28.0,0.0521513783021113,0.02,0.001,0.0027445,0.02,0.001,0.00181137,0.008,0.0004,0.00073887,0.002239,0.099271,0.0,0.479737,0.032737,0.010145,0.206835,36.2043,10.5366,26.5,0.7574399999999999,0.1,0.3029999999999998,0.04,-56.3898,11.111464913773963,6.929086350962376,0.0,0.0,0.0,0.0,0.0,0.0,0.0,0.0,0.0,0.0,0.0,0.0,0.0,0.0,0.0,0.0,0.0,0.0,3.0,5.0,4.82e-321,13.0,0.0935107136909707,0.7057256667400508,-0.3681637078342079,0.0,0.0,910.0,0.0918554257849683
22,22.0,22.0,22.0,22.0,22.0,22.0,191.0,22994.0,94.0,0.0482909631462113,0.02,0.001,0.0010857,0.02,0.001,0.000716562,0.008,0.0004,0.00097647,0.002959,0.160091,0.0,0.287581,0.049332,0.010597,0.220027,28.9419,47.6055,26.5,0.8481000000000001,0.1,0.33924,0.04,-59.8925,7.70708256720186,5.038970524772458,0.0,0.0,0.0,0.0,0.0,0.0,0.0,0.0,0.0,0.0,0.0,0.0,0.0,0.0,0.0,0.0,0.0,0.0,3.0,5.0,6.41236e-314,13.5,0.2194457988656245,0.1428930342598565,0.0989465430755205,2.0,0.274919,230.0,0.0967323466453676
23,23.0,23.0,23.0,23.0,23.0,23.0,2.0,12384.0,84.0,0.0388427220396468,0.02,0.001,0.0095513,0.02,0.001,0.006303858,0.008,0.0004,0.00120186,0.003642,0.116514,0.0,0.698501,0.048105,0.008109,0.238944,25.874,57.6584,26.5,0.6495,0.1,0.2598,0.04,-59.927,12.840059819512037,8.934913278327487,0.0,0.0,0.0,0.0,0.0,0.0,0.0,0.0,0.0,0.0,0.0,0.0,0.0,0.0,0.0,0.0,0.0,0.0,3.0,5.0,6.40149e-314,13.5,0.0545474556878352,0.5997540761982842,-0.5429660268063401,0.0,0.0,124.0,0.0023981011602142
24,24.0,24.0,24.0,24.0,24.0,24.0,236.0,112918.0,18.0,0.0402040109633338,0.02,0.001,0.0051304,0.02,0.001,0.003386064,0.008,0.0004,0.00064449,0.001953,0.094575,0.0,0.479149,0.045069,0.011974,0.147321,45.5954,50.501,26.5,0.4412399999999999,0.1,0.17652,0.04,-55.0008,12.843146576635045,8.939751904806581,0.0,0.0,0.0,0.0,0.0,0.0,0.0,0.0,0.0,0.0,0.0,0.0,0.0,0.0,0.0,0.0,0.0,0.0,3.0,5.0,6.46899e-314,10.5,0.2202472917073133,0.1985908374421997,0.2773119843904624,1.0,0.454108,1130.0,0.0049546595604615
25,25.0,25.0,25.0,25.0,25.0,25.0,237.0,44481.0,81.0,0.0485938375342405,0.02,0.001,0.0014069,0.02,0.001,0.000928554,0.008,0.0004,0.00042339,0.001283,0.125992,0.0,0.801517,0.037433,0.011333,0.164652,37.3136,48.2578,26.5,0.06006,0.1,0.024,0.04,-57.384,10.810262576512125,6.683518817971279,0.0,0.0,0.0,0.0,0.0,0.0,0.0,0.0,0.0,0.0,0.0,0.0,0.0,0.0,0.0,0.0,0.0,0.0,3.0,5.0,4.28315e-314,15.0,0.1286359399524383,0.5543494569256167,-0.0830401857068401,1.0,0.240077,445.0,0.2031112524401148
26,26.0,26.0,26.0,26.0,26.0,26.0,56.0,122806.0,6.0,0.0244820535175128,0.02,0.001,0.0032494,0.02,0.001,0.002144604,0.008,0.0004,0.0030096,0.00912,0.120299,0.0,0.281659,0.028491,0.014497,0.186541,44.4114,54.3134,26.5,0.0654,0.1,0.02616,0.04,-58.573,7.630832307493723,5.011607426536761,0.0,0.0,0.0,0.0,0.0,0.0,0.0,0.0,0.0,0.0,0.0,0.0,0.0,0.0,0.0,0.0,0.0,0.0,3.0,5.0,0.0,15.0,0.2374074746593366,0.6953163237692611,0.2949573459555362,1.0,0.353473,1229.0,0.0194928339354373
27,27.0,27.0,27.0,27.0,27.0,27.0,201.0,2828.0,28.0,0.0571904145352152,0.02,0.001,0.0041514,0.02,0.001,0.002739924,0.008,0.0004,0.00200277,0.006069,0.093529,0.0,0.557785,0.039231,0.00802,0.156346,44.6405,56.0161,26.5,0.0738,0.1,0.0295199999999999,0.04,-56.6084,9.459742251645304,5.8101468131438105,0.0,0.0,0.0,0.0,0.0,0.0,0.0,0.0,0.0,0.0,0.0,0.0,0.0,0.0,0.0,0.0,0.0,0.0,3.0,5.0,4.82e-321,11.0,0.1853794200431019,0.4555815635519358,0.038304438951034,2.0,0.166068,29.0,0.0826690082838774
28,28.0,28.0,28.0,28.0,28.0,28.0,36.0,46360.0,60.0,0.0524601407273418,0.02,0.001,0.0070543,0.02,0.001,0.004655838,0.008,0.0004,0.00055275,0.001675,0.106976,0.0,0.533834,0.030976,0.008963,0.134872,36.262,51.4034,26.5,0.7331399999999999,0.1,0.29322,0.04,-57.2387,13.5896130204274,10.309902388260433,0.0,0.0,0.0,0.0,0.0,0.0,0.0,0.0,0.0,0.0,0.0,0.0,0.0,0.0,0.0,0.0,0.0,0.0,3.0,5.0,6.4833e-314,12.0,0.0592225220220368,0.4748472663323413,-0.6802167909029855,0.0,0.0,464.0,0.0644464132600041
29,29.0,29.0,29.0,29.0,29.0,29.0,53.0,48753.0,53.0,0.0474814643512158,0.02,0.001,0.001144,0.02,0.001,0.00075504,0.008,0.0004,0.0016368,0.00496,0.111264,0.0,0.852243,0.040624,0.009713,0.200049,35.7295,56.1758,26.5,0.75666,0.1,0.30264,0.04,-56.438,6.609673871890392,4.680568500760667,0.0,0.0,0.0,0.0,0.0,0.0,0.0,0.0,0.0,0.0,0.0,0.0,0.0,0.0,0.0,0.0,0.0,0.0,3.0,5.0,4.27795e-314,13.5,0.2462504730532058,0.9941600150440252,0.7465597095503389,1.0,0.233031,488.0,0.1349094102179775
30,30.0,30.0,30.0,30.0,30.0,30.0,196.0,29385.0,85.0,0.052558463612729,0.02,0.001,0.0012474,0.02,0.001,0.000823284,0.008,0.0004,0.00117249,0.003553,0.088568,0.0,0.155552,0.063561,0.006196,0.307796,45.8005,30.1618,26.5,1.00536,0.1,0.4021799999999998,0.04,-58.2055,7.592900236940047,4.998147853573591,0.0,0.0,0.0,0.0,0.0,0.0,0.0,0.0,0.0,0.0,0.0,0.0,0.0,0.0,0.0,0.0,0.0,0.0,3.0,5.0,4.28613e-314,19.0,0.094734079824588,0.8547044989626471,0.0354665461053231,1.0,0.046283,294.0,0.1168733244910537
31,31.0,31.0,31.0,31.0,31.0,31.0,48.0,972.0,72.0,0.0431281407501451,0.02,0.001,0.004092,0.02,0.001,0.00270072,0.008,0.0004,0.00029271,0.000887,0.118853,0.0,0.671788,0.039536,0.009775,0.159926,35.6932,45.2528,26.5,0.56166,0.1,0.22464,0.04,-55.5296,13.7067654795488,10.567624676381852,0.0,0.0,0.0,0.0,0.0,0.0,0.0,0.0,0.0,0.0,0.0,0.0,0.0,0.0,0.0,0.0,0.0,0.0,3.0,5.0,0.0,17.0,0.1445085339506019,1.4313599986629175,-0.5257292179711585,1.0,0.099615,10.0,0.1206927222962443
32,32.0,32.0,32.0,32.0,32.0,32.0,206.0,58260.0,60.0,0.0616068370794609,0.02,0.001,0.0066649,0.02,0.001,0.004398834,0.008,0.0004,0.0012408,0.00376,0.12362,0.0,0.921642,0.041992,0.007785,0.293393,36.3046,57.8571,26.5,0.07368,0.1,0.02946,0.04,-59.0385,12.02836540221494,7.84105384206189,0.0,0.0,0.0,0.0,0.0,0.0,0.0,0.0,0.0,0.0,0.0,0.0,0.0,0.0,0.0,0.0,0.0,0.0,3.0,5.0,6.40971e-314,19.5,0.2025370985146373,1.177929826263289,0.6463026873665224,3.0,0.398584,583.0,0.1074759191452586
33,33.0,33.0,33.0,33.0,33.0,33.0,25.0,52061.0,61.0,0.0273199155762679,0.02,0.001,0.0010263,0.02,0.001,0.000677358,0.008,0.0004,0.00132726,0.004022,0.14256,0.0,0.703476,0.035929,0.012077,0.235237,48.4711,39.5731,26.5,0.06648,0.1,0.02658,0.04,-57.6756,6.827626877208097,4.746228750630282,0.0,0.0,0.0,0.0,0.0,0.0,0.0,0.0,0.0,0.0,0.0,0.0,0.0,0.0,0.0,0.0,0.0,0.0,3.0,5.0,4.24578e-314,17.5,0.1212918359806188,0.8355966076641852,-0.008591356566217,3.0,0.562552,521.0,0.0762843806492614
34,34.0,34.0,34.0,34.0,34.0,34.0,251.0,22848.0,48.0,0.0436343049136566,0.02,0.001,0.0029403,0.02,0.001,0.001940598,0.008,0.0004,0.00014487,0.000439,0.095252,0.0,0.213598,0.033867,0.007403,0.214067,34.5174,63.0115,26.5,0.0754799999999999,0.1,0.03018,0.04,-56.4925,14.107321588785066,11.560845307646224,0.0,0.0,0.0,0.0,0.0,0.0,0.0,0.0,0.0,0.0,0.0,0.0,0.0,0.0,0.0,0.0,0.0,0.0,3.0,5.0,1.47234e-21,20.0,0.251690253962964,1.0956357230866915,0.6935570852055487,3.0,0.334678,229.0,0.0184300069927643
35,35.0,35.0,35.0,35.0,35.0,35.0,190.0,44100.0,0.0,0.0455750102353378,0.02,0.001,0.0074954,0.02,0.001,0.004946964,0.008,0.0004,0.00132,0.004,0.129261,0.0,0.566293,0.051587,0.007175,0.221182,34.3363,58.2285,26.5,0.7132799999999998,0.1,0.2852999999999998,0.04,-56.8218,12.154159131329209,7.989903366693652,0.0,0.0,0.0,0.0,0.0,0.0,0.0,0.0,0.0,0.0,0.0,0.0,0.0,0.0,0.0,0.0,0.0,0.0,3.0,5.0,6.46758e-314,18.0,0.1390749749688081,1.38398715790221,-0.4544725203008993,1.0,0.210109,442.0,0.098451872204086
36,36.0,36.0,36.0,36.0,36.0,36.0,81.0,1184.0,84.0,0.0501736346174686,0.02,0.001,0.0054241,0.02,0.001,0.003579906,0.008,0.0004,0.00054912,0.001664,0.106811,0.0,0.687243,0.038769,0.009482,0.169872,33.2987,49.8976,26.5,0.6050399999999998,0.1,0.24204,0.04,-55.2155,13.214685997651213,9.568373104830888,0.0,0.0,0.0,0.0,0.0,0.0,0.0,0.0,0.0,0.0,0.0,0.0,0.0,0.0,0.0,0.0,0.0,0.0,3.0,5.0,6.43431e-314,16.5,0.0982037041004295,1.294415931678317,-0.5877727899375956,1.0,0.103169,12.0,0.1832396903052286
37,37.0,37.0,37.0,37.0,37.0,37.0,204.0,85041.0,41.0,0.0378382142385204,0.02,0.001,0.0012958,0.02,0.001,0.000855228,0.008,0.0004,0.00282018,0.008546,0.097202,0.0,0.790571,0.029749,0.009284,0.232551,30.2355,65.4053,26.5,0.05508,0.1,0.0220199999999998,0.04,-57.9266,5.837901953875796,4.465731896030739,0.0,0.0,0.0,0.0,0.0,0.0,0.0,0.0,0.0,0.0,0.0,0.0,0.0,0.0,0.0,0.0,0.0,0.0,3.0,5.0,6.47046e-314,19.5,0.12085780811689,1.2904294823175235,-0.1056412275856198,1.0,0.222095,851.0,0.1144499512073995
38,38.0,38.0,38.0,38.0,38.0,38.0,168.0,22510.0,10.0,0.0431364240091575,0.02,0.001,0.007326,0.02,0.001,0.00483516,0.008,0.0004,0.00043362,0.001314,0.117755,0.0,0.784945,0.047659,0.004951,0.221608,42.3168,77.2786,26.5,0.72396,0.1,0.2896199999999998,0.04,-59.6367,13.925277748160049,11.086440784253876,0.0,0.0,0.0,0.0,0.0,0.0,0.0,0.0,0.0,0.0,0.0,0.0,0.0,0.0,0.0,0.0,0.0,0.0,3.0,5.0,1e-323,18.0,0.186832725330805,1.08509837977487,0.3470558812825028,3.0,0.276453,226.0,0.0102339257310967
39,39.0,39.0,39.0,39.0,39.0,39.0,174.0,20838.0,38.0,0.0411046400141937,0.02,0.001,0.0033418,0.02,0.001,0.002205588,0.008,0.0004,0.00136488,0.004136,0.120055,0.0,0.488331,0.035333,0.005687,0.145345,42.9498,64.2633,26.5,0.0937799999999998,0.1,0.0375,0.04,-56.3019,9.944899049494937,6.087518431247729,0.0,0.0,0.0,0.0,0.0,0.0,0.0,0.0,0.0,0.0,0.0,0.0,0.0,0.0,0.0,0.0,0.0,0.0,3.0,5.0,4.25246e-314,20.0,0.1050262684824146,1.0535514261330068,0.3048108901683382,1.0,0.117489,209.0,0.4910047883491287
40,40.0,40.0,40.0,40.0,40.0,40.0,58.0,95750.0,50.0,0.0383038227180543,0.02,0.001,0.0061094,0.02,0.001,0.004032204,0.008,0.0004,0.00326601,0.009897,0.138017,0.0,0.390733,0.041416,0.013887,0.204617,45.5526,110.872,26.5,0.55818,0.1,0.22326,0.04,-56.2134,9.160252516415827,5.6552546735036815,0.0,0.0,0.0,0.0,0.0,0.0,0.0,0.0,0.0,0.0,0.0,0.0,0.0,0.0,0.0,0.0,0.0,0.0,3.0,5.0,4.28302e-314,16.5,0.1419474178626409,0.6785160029886479,0.2346507782557349,1.0,0.342883,958.0,0.1789362305263595
41,41.0,41.0,41.0,41.0,41.0,41.0,153.0,11941.0,41.0,0.0585737155539637,0.02,0.001,0.0038863,0.02,0.001,0.002564958,0.008,0.0004,0.00138435,0.004195,0.121019,0.0,0.838432,0.045594,0.005488,0.161376,38.2499,51.8679,26.5,0.42,0.1,0.168,0.04,-56.6927,10.338161703027083,6.340335834212904,0.0,0.0,0.0,0.0,0.0,0.0,0.0,0.0,0.0,0.0,0.0,0.0,0.0,0.0,0.0,0.0,0.0,0.0,3.0,5.0,6.41353e-314,18.0,0.1816544079224633,1.6644621754098936,-0.0315568059334071,2.0,0.185615,120.0,0.1485121269402699
42,42.0,42.0,42.0,42.0,42.0,42.0,41.0,59832.0,32.0,0.044234211903939,0.02,0.001,0.0012133,0.02,0.001,0.000800778,0.008,0.0004,0.00147675,0.004475,0.115972,0.0,0.795029,0.022349,0.011394,0.178097,37.2944,47.7828,26.5,0.0588599999999999,0.1,0.02358,0.04,-58.0117,6.964300033182687,4.788680091289335,0.0,0.0,0.0,0.0,0.0,0.0,0.0,0.0,0.0,0.0,0.0,0.0,0.0,0.0,0.0,0.0,0.0,0.0,3.0,5.0,4.11e-321,19.0,0.0990506002392933,0.8647341023702656,0.3964850190345171,3.0,0.529975,599.0,0.0281435628418026
43,43.0,43.0,43.0,43.0,43.0,43.0,180.0,124678.0,78.0,0.0387563608042065,0.02,0.001,0.0027643,0.02,0.001,0.001824438,0.008,0.0004,0.00115962,0.003514,0.107439,0.0,0.7163,0.039062,0.006143,0.181688,40.9857,62.7941,26.5,0.05352,0.1,0.0214199999999999,0.04,-56.2396,9.86728071398018,6.040738335182969,0.0,0.0,0.0,0.0,0.0,0.0,0.0,0.0,0.0,0.0,0.0,0.0,0.0,0.0,0.0,0.0,0.0,0.0,3.0,5.0,6.4742e-314,15.5,0.1963284117764628,0.7335809276288251,0.7181443123102257,1.0,0.297461,1247.0,0.0234841943090343
44,44.0,44.0,44.0,44.0,44.0,44.0,106.0,99932.0,32.0,0.0392552148777111,0.02,0.001,0.0004774,0.02,0.001,0.000315084,0.008,0.0004,0.00072501,0.002197,0.093152,0.0,0.986125,0.034571,0.007958,0.163289,66.2249,46.8559,26.5,0.7535400000000001,0.1,0.30138,0.04,-56.2852,6.4869019068169385,4.644625065653909,0.0,0.0,0.0,0.0,0.0,0.0,0.0,0.0,0.0,0.0,0.0,0.0,0.0,0.0,0.0,0.0,0.0,0.0,3.0,5.0,4.11e-321,15.5,0.0667752753141813,0.5552429848276906,-0.4034642824436762,2.0,0.342194,1000.0,0.5631404994654995
45,45.0,45.0,45.0,45.0,45.0,45.0,66.0,94494.0,94.0,0.0424853689481028,0.02,0.001,0.0010296,0.02,0.001,0.000679536,0.008,0.0004,0.00253242,0.007674,0.127949,0.0,0.456384,0.028336,0.011368,0.236229,26.1818,19.6531,26.5,0.05178,0.1,0.0207,0.04,-58.023,5.652229897615383,4.417608366848846,0.0,0.0,0.0,0.0,0.0,0.0,0.0,0.0,0.0,0.0,0.0,0.0,0.0,0.0,0.0,0.0,0.0,0.0,3.0,5.0,6.40524e-314,17.5,0.5120054703775305,0.852356115540853,2.115766709662286,2.0,0.6438090000000001,945.0,0.0674162635089778
46,46.0,46.0,46.0,46.0,46.0,46.0,217.0,11296.0,96.0,0.0508398254023123,0.02,0.001,0.0030228,0.02,0.001,0.001995048,0.008,0.0004,0.00033066,0.001002,0.110632,0.0,0.659977,0.034486,0.008537,0.215517,46.5294,39.4621,26.5,0.0588,0.1,0.02352,0.04,-58.6915,13.087407009075877,9.342224953330737,0.0,0.0,0.0,0.0,0.0,0.0,0.0,0.0,0.0,0.0,0.0,0.0,0.0,0.0,0.0,0.0,0.0,0.0,3.0,5.0,6.48285e-314,19.0,0.0932214976623693,1.4044663279989216,-0.2274993541023834,1.0,0.058558,113.0,0.0307116945273505
47,47.0,47.0,47.0,47.0,47.0,47.0,69.0,126973.0,73.0,0.0420084919220835,0.02,0.001,0.0058949,0.02,0.001,0.003890634,0.008,0.0004,0.00076527,0.002319,0.159545,0.0,0.657084,0.008528,0.007967,0.064433,36.1952,23.9494,26.5,0.67098,0.1,0.26838,0.04,-57.9319,12.781906110853505,8.844846520125904,0.0,0.0,0.0,0.0,0.0,0.0,0.0,0.0,0.0,0.0,0.0,0.0,0.0,0.0,0.0,0.0,0.0,0.0,3.0,5.0,2.57187e-315,22.0,0.1832637278818579,1.1941834144076922,0.1240305483492059,1.0,0.462305,1270.0,0.0297515993317533
48,48.0,48.0,48.0,48.0,48.0,48.0,146.0,3629.0,29.0,0.059174083432537,0.02,0.001,0.0051667,0.02,0.001,0.003410022,0.008,0.0004,0.00216942,0.006574,0.126259,0.0,0.660265,0.033736,0.009304,0.213293,28.2365,61.7045,26.5,0.05508,0.1,0.0220199999999998,0.04,-58.3804,9.864605820739248,6.0391433887762105,0.0,0.0,0.0,0.0,0.0,0.0,0.0,0.0,0.0,0.0,0.0,0.0,0.0,0.0,0.0,0.0,0.0,0.0,3.0,5.0,6.47198e-314,23.5,0.1066525936938121,2.632879116631784,-0.4748107735446237,1.0,0.101455,37.0,0.3068320159652211
49,49.0,49.0,49.0,49.0,49.0,49.0,42.0,59725.0,25.0,0.0417007480143775,0.02,0.001,0.0043483,0.02,0.001,0.002869878,0.008,0.0004,0.00029766,0.000902,0.134088,0.0,0.492508,0.040485,0.007895,0.16807,59.1693,39.5836,26.5,0.771,0.1,0.3083999999999998,0.04,-58.2088,13.760445306371539,10.690319114084915,0.0,0.0,0.0,0.0,0.0,0.0,0.0,0.0,0.0,0.0,0.0,0.0,0.0,0.0,0.0,0.0,0.0,0.0,3.0,5.0,4.27935e-314,23.5,0.131857188205383,1.0738652342472674,0.2709895492827482,2.0,0.506871,598.0,0.079956399481668
50,50.0,50.0,50.0,50.0,50.0,50.0,162.0,88869.0,69.0,0.0425737564642164,0.02,0.001,0.0108174,0.02,0.001,0.007139484,0.008,0.0004,0.00138831,0.004207,0.143927,0.0,0.69664,0.052407,0.011052,0.198369,49.9364,31.6461,26.5,0.1043399999999999,0.1,0.0417,0.04,-56.9479,12.80339177258199,8.877883094945153,0.0,0.0,0.0,0.0,0.0,0.0,0.0,0.0,0.0,0.0,0.0,0.0,0.0,0.0,0.0,0.0,0.0,0.0,3.0,5.0,6.47851e-314,20.5,0.2290948841361173,1.29957384052861,0.300985533977597,1.0,0.225382,889.0,0.1593850824098989
51,51.0,51.0,51.0,51.0,51.0,51.0,199.0,76472.0,72.0,0.0481758367225219,0.02,0.001,0.0041668,0.02,0.001,0.002750088,0.008,0.0004,0.00051117,0.001549,0.123627,0.0,0.68138,0.029827,0.009337,0.208128,24.2291,32.975,26.5,0.0645599999999998,0.1,0.0258,0.04,-58.4831,12.88657601001733,9.008460484040777,0.0,0.0,0.0,0.0,0.0,0.0,0.0,0.0,0.0,0.0,0.0,0.0,0.0,0.0,0.0,0.0,0.0,0.0,3.0,5.0,0.0,20.5,0.2376116391088348,1.4054594538133842,-0.0601634565206807,1.0,0.35441,765.0,0.118938336877483
52,52.0,52.0,52.0,52.0,52.0,52.0,33.0,94115.0,15.0,0.044304848434486,0.02,0.001,0.006666,0.02,0.001,0.00439956,0.008,0.0004,0.00086394,0.002618,0.08417,0.0,0.659256,0.038613,0.004049,0.173831,64.8782,53.3018,26.5,0.72114,0.1,0.2884799999999999,0.04,-56.9283,12.785025054118583,8.84962497555868,0.0,0.0,0.0,0.0,0.0,0.0,0.0,0.0,0.0,0.0,0.0,0.0,0.0,0.0,0.0,0.0,0.0,0.0,3.0,5.0,0.0,22.5,0.1840736719550773,0.9205842388965052,0.2748877971837641,2.0,0.473259,942.0,0.0912634393145048
53,53.0,53.0,53.0,53.0,53.0,53.0,228.0,19026.0,26.0,0.0524708377821905,0.02,0.001,0.0012738,0.02,0.001,0.000840708,0.008,0.0004,0.00113388,0.003436,0.093381,0.0,0.925858,0.031392,0.009267,0.211671,43.6374,58.8045,26.5,0.0498,0.1,0.01992,0.04,-54.7709,7.734071870202062,5.048755723963632,0.0,0.0,0.0,0.0,0.0,0.0,0.0,0.0,0.0,0.0,0.0,0.0,0.0,0.0,0.0,0.0,0.0,0.0,3.0,5.0,4.11e-321,23.0,0.0728489273615316,1.43846253282372,0.0251408042820914,2.0,0.195196,191.0,0.1206325382833021
54,54.0,54.0,54.0,54.0,54.0,54.0,215.0,79985.0,85.0,0.0343677757865313,0.02,0.001,0.0068827,0.02,0.001,0.004542582,0.008,0.0004,0.00097185,0.002945,0.143312,0.0,0.708161,0.048404,0.010053,0.232016,54.7636,52.0571,26.5,0.6158999999999999,0.1,0.24636,0.04,-55.5915,12.619610363052567,8.604029071388556,0.0,0.0,0.0,0.0,0.0,0.0,0.0,0.0,0.0,0.0,0.0,0.0,0.0,0.0,0.0,0.0,0.0,0.0,3.0,5.0,4.28417e-314,24.0,0.2834478688278812,2.8072082229554622,0.6108692930639612,2.0,0.68435,800.0,0.1650289320120719
55,55.0,55.0,55.0,55.0,55.0,55.0,179.0,8905.0,5.0,0.0357524728324901,0.02,0.001,0.0077847,0.02,0.001,0.005137902,0.008,0.0004,0.00113817,0.003449,0.15915,0.0,0.754488,0.042257,0.010832,0.207565,36.1099,31.8954,26.5,0.5603400000000001,0.1,0.2241599999999999,0.04,-58.1384,12.549964257379939,8.505208392244038,0.0,0.0,0.0,0.0,0.0,0.0,0.0,0.0,0.0,0.0,0.0,0.0,0.0,0.0,0.0,0.0,0.0,0.0,3.0,5.0,0.0,22.0,0.093267744787261,1.5697864394359275,-0.2815076898925405,3.0,0.246614,90.0,0.014005852540777
56,56.0,56.0,56.0,56.0,56.0,56.0,195.0,21076.0,76.0,0.0532083489625641,0.02,0.001,0.0060775,0.02,0.001,0.00401115,0.008,0.0004,0.00158664,0.004808,0.145857,0.0,0.945951,0.046435,0.008223,0.176519,54.1795,46.0887,26.5,0.0467999999999999,0.1,0.01872,0.04,-56.1827,11.19283938803116,6.99944653084159,0.0,0.0,0.0,0.0,0.0,0.0,0.0,0.0,0.0,0.0,0.0,0.0,0.0,0.0,0.0,0.0,0.0,0.0,3.0,5.0,6.43864e-314,24.0,0.0978327686381762,1.6552078487902575,-0.0017798802174551,5.0,0.382642,211.0,0.0105463403249596
57,57.0,57.0,57.0,57.0,57.0,57.0,85.0,124199.0,99.0,0.0428313254545509,0.02,0.001,0.0065571,0.02,0.001,0.004327686,0.008,0.0004,0.00033363,0.001011,0.119259,0.0,0.714793,0.050899,0.006257,0.19332,34.1972,57.3209,26.5,0.38484,0.1,0.1538999999999999,0.04,-56.705,14.077364710205545,11.479932465847318,0.0,0.0,0.0,0.0,0.0,0.0,0.0,0.0,0.0,0.0,0.0,0.0,0.0,0.0,0.0,0.0,0.0,0.0,3.0,5.0,2.16073e-314,22.5,0.2570502370960266,1.6785701123194203,0.5292269699211475,1.0,0.206312,1242.0,0.3030575307532379
58,58.0,58.0,58.0,58.0,58.0,58.0,84.0,127005.0,5.0,0.0332076899644888,0.02,0.001,0.0046673,0.02,0.001,0.003080418,0.008,0.0004,0.00193809,0.005873,0.133348,0.0,0.186576,0.032667,0.01237,0.230148,44.0754,77.2903,26.5,0.0220199999999998,0.1,0.00882,0.04,-57.9234,9.896850106191827,6.058445394461693,0.0,0.0,0.0,0.0,0.0,0.0,0.0,0.0,0.0,0.0,0.0,0.0,0.0,0.0,0.0,0.0,0.0,0.0,3.0,5.0,0.0,22.0,0.132859906548268,1.0503925806471106,-0.0416977022472413,3.0,1.0374560000000002,1271.0,0.249125745212017
59,59.0,59.0,59.0,59.0,59.0,59.0,212.0,62063.0,63.0,0.0307962920511432,0.02,0.001,0.0056991,0.02,0.001,0.003761406,0.008,0.0004,0.00157971,0.004787,0.083783,0.0,0.909076,0.022494,0.001273,0.148739,30.1808,29.1558,26.5,0.06114,0.1,0.0244199999999999,0.04,-56.528,11.033535573665846,6.8633588960316425,0.0,0.0,0.0,0.0,0.0,0.0,0.0,0.0,0.0,0.0,0.0,0.0,0.0,0.0,0.0,0.0,0.0,0.0,3.0,5.0,6.40951e-314,20.5,0.100988636438352,1.291532829213416,0.4635315614324083,2.0,0.283916,621.0,0.0175492678187006
60,60.0,60.0,60.0,60.0,60.0,60.0,77.0,29722.0,22.0,0.0478623186467725,0.02,0.001,0.0069003,0.02,0.001,0.004554198,0.008,0.0004,0.00053064,0.001608,0.14402,0.0,0.915847,0.04759,0.008535,0.17441,42.1053,59.6534,26.5,1.3826999999999998,0.1,0.55308,0.04,-57.4789,13.614386344498893,10.36328516811149,0.0,0.0,0.0,0.0,0.0,0.0,0.0,0.0,0.0,0.0,0.0,0.0,0.0,0.0,0.0,0.0,0.0,0.0,3.0,5.0,6.40273e-314,21.0,0.0683089680562491,1.0770757018416477,0.0059501599046557,0.0,0.0,298.0,0.7640808248491099
61,61.0,61.0,61.0,61.0,61.0,61.0,159.0,32184.0,84.0,0.0459606892137025,0.02,0.001,0.0042933,0.02,0.001,0.002833578,0.008,0.0004,0.00067881,0.002057,0.171875,0.0,0.723179,0.052309,0.007175,0.148156,62.1396,47.1836,26.5,0.95136,0.1,0.38052,0.04,-57.753,12.388321532397754,8.285623998340734,0.0,0.0,0.0,0.0,0.0,0.0,0.0,0.0,0.0,0.0,0.0,0.0,0.0,0.0,0.0,0.0,0.0,0.0,3.0,5.0,6.44503e-314,20.5,0.1199717598802492,1.216302418346684,0.2043567582201028,1.0,0.167934,322.0,0.0645137563559439
62,62.0,62.0,62.0,62.0,62.0,62.0,11.0,22329.0,29.0,0.0430272726263322,0.02,0.001,0.0054769,0.02,0.001,0.003614754,0.008,0.0004,0.00033231,0.001007,0.109492,0.0,0.289897,0.03398,0.006271,0.231589,30.6859,53.1024,26.5,0.3589799999999998,0.1,0.1435799999999999,0.04,-59.0074,13.898513883141598,11.020055644209833,0.0,0.0,0.0,0.0,0.0,0.0,0.0,0.0,0.0,0.0,0.0,0.0,0.0,0.0,0.0,0.0,0.0,0.0,3.0,5.0,6.43783e-314,21.5,0.111166642776077,1.2188181782232914,-0.1432314663571619,1.0,0.091394,224.0,0.1387384257196768
63,63.0,63.0,63.0,63.0,63.0,63.0,145.0,121863.0,63.0,0.0494193044579725,0.02,0.001,0.0108174,0.02,0.001,0.007139484,0.008,0.0004,0.00138831,0.004207,0.139148,0.0,0.173453,0.016026,0.013074,0.21531,32.8033,42.4009,26.5,0.0882,0.1,0.03528,0.04,-57.1115,12.80339177258199,8.877883094945153,0.0,0.0,0.0,0.0,0.0,0.0,0.0,0.0,0.0,0.0,0.0,0.0,0.0,0.0,0.0,0.0,0.0,0.0,3.0,5.0,6.41624e-314,21.5,0.2796753797018735,1.752344949732385,0.9157010376050116,1.0,0.570156,1219.0,0.1035811201130173
64,64.0,64.0,64.0,64.0,64.0,64.0,209.0,86387.0,87.0,0.0559534421017068,0.02,0.001,0.0011319,0.02,0.001,0.000747054,0.008,0.0004,0.00141636,0.004292,0.06088,0.0,0.521725,0.016863,0.006708,0.228678,29.8482,39.9171,26.5,0.3984,0.1,0.15936,0.04,-55.7884,6.901364990061624,4.7690056818639,0.0,0.0,0.0,0.0,0.0,0.0,0.0,0.0,0.0,0.0,0.0,0.0,0.0,0.0,0.0,0.0,0.0,0.0,3.0,5.0,6.47379e-314,20.5,0.2062266696844228,1.120472687853871,0.3243734140710773,2.0,0.731506,864.0,0.473806205965352
65,65.0,65.0,65.0,65.0,65.0,65.0,60.0,29894.0,94.0,0.0604289447756023,0.02,0.001,0.0033517,0.02,0.001,0.002212122,0.008,0.0004,0.00137511,0.004167,0.111137,0.0,0.779131,0.048774,0.005772,0.274654,46.0792,58.8911,26.5,0.0568199999999999,0.1,0.02274,0.04,-57.7263,9.93182700560011,6.079571838380588,0.0,0.0,0.0,0.0,0.0,0.0,0.0,0.0,0.0,0.0,0.0,0.0,0.0,0.0,0.0,0.0,0.0,0.0,3.0,5.0,6.47643e-314,25.5,0.08470739830517,1.622663993062019,0.1048035812466567,2.0,0.132384,299.0,0.7953408784918385
66,66.0,66.0,66.0,66.0,66.0,66.0,18.0,57269.0,69.0,0.0317310200023467,0.02,0.001,0.0049368,0.02,0.001,0.003258288,0.008,0.0004,0.00051513,0.001561,0.1466,0.0,0.089404,0.033757,0.011329,0.170406,46.7291,50.9155,26.5,0.0695399999999999,0.1,0.02784,0.04,-58.9845,13.165784349197455,9.480072521896147,0.0,0.0,0.0,0.0,0.0,0.0,0.0,0.0,0.0,0.0,0.0,0.0,0.0,0.0,0.0,0.0,0.0,0.0,3.0,5.0,6.46968e-314,27.5,0.1911886694836547,2.1659092471406773,0.0638886948731283,3.0,0.5927370000000001,573.0,0.0666525492036146
67,67.0,67.0,67.0,67.0,67.0,67.0,17.0,76823.0,23.0,0.056888064065626,0.02,0.001,0.0019085,0.02,0.001,0.00125961,0.008,0.0004,0.00129657,0.003929,0.126078,0.0,0.5365,0.03487,0.009586,0.217772,26.194,39.7631,26.5,0.05328,0.1,0.0213,0.04,-55.4957,8.47140593071311,5.3383843858324775,0.0,0.0,0.0,0.0,0.0,0.0,0.0,0.0,0.0,0.0,0.0,0.0,0.0,0.0,0.0,0.0,0.0,0.0,3.0,5.0,6.4793e-314,27.0,0.166341959871714,2.418301553479031,0.0517373814193381,2.0,0.557281,769.0,0.6829393621507238
68,68.0,68.0,68.0,68.0,68.0,68.0,246.0,126447.0,47.0,0.0475272264790581,0.02,0.001,0.0070125,0.02,0.001,0.0046282499999999,0.008,0.0004,0.00022671,0.000687,0.135749,0.0,1.23301,0.0209,0.005157,0.221316,40.2611,37.9809,26.5,0.0828599999999999,0.1,0.03312,0.04,-58.5018,14.43236167231277,12.519251533182942,0.0,0.0,0.0,0.0,0.0,0.0,0.0,0.0,0.0,0.0,0.0,0.0,0.0,0.0,0.0,0.0,0.0,0.0,3.0,5.0,4.26564e-314,30.0,0.2537604803081758,1.8984620361909623,0.358218378512841,2.0,0.791024,1265.0,0.3609436327544626
69,69.0,69.0,69.0,69.0,69.0,69.0,230.0,19032.0,32.0,0.0134200580524825,0.02,0.001,0.0034023,0.02,0.001,0.002245518,0.008,0.0004,0.00024123,0.000731,0.166878,0.0,1.10455,0.030617,0.009014,0.14535,40.275,86.7534,26.5,0.03642,0.1,0.01458,0.04,-55.9748,13.717713707085139,10.592407692402833,0.0,0.0,0.0,0.0,0.0,0.0,0.0,0.0,0.0,0.0,0.0,0.0,0.0,0.0,0.0,0.0,0.0,0.0,3.0,5.0,4.11e-321,30.0,0.0831276736911682,2.156667791722867,0.078459133085241,3.0,0.32051,191.0,0.0757058316632592
70,70.0,70.0,70.0,70.0,70.0,70.0,157.0,61711.0,11.0,0.027045870681274,0.02,0.001,0.0038643,0.02,0.001,0.002550438,0.008,0.0004,0.00224862,0.006814,0.074846,0.0,0.45652,0.039964,0.000834,0.256725,46.8629,32.5446,26.5,0.80334,0.1,0.3213599999999998,0.04,-57.2308,8.914196733732137,5.536181831665296,0.0,0.0,0.0,0.0,0.0,0.0,0.0,0.0,0.0,0.0,0.0,0.0,0.0,0.0,0.0,0.0,0.0,0.0,3.0,5.0,4.26057e-314,26.5,0.246789039136645,1.428812675165071,0.8387447792708133,2.0,0.550327,618.0,0.1151274858093365
71,71.0,71.0,71.0,71.0,71.0,71.0,3.0,4862.0,62.0,0.0455168509368319,0.02,0.001,0.0065076,0.02,0.001,0.004295016,0.008,0.0004,0.00093885,0.002845,0.113645,0.0,0.643475,0.039086,0.008467,0.193632,41.0015,48.393,26.5,0.06276,0.1,0.0250799999999999,0.04,-55.0251,12.576791239436705,8.542963059325475,0.0,0.0,0.0,0.0,0.0,0.0,0.0,0.0,0.0,0.0,0.0,0.0,0.0,0.0,0.0,0.0,0.0,0.0,3.0,5.0,0.0,27.0,0.1567934198163745,3.4571049864746715,-0.193315018095703,1.0,0.102837,49.0,0.0063964066827954
72,72.0,72.0,72.0,72.0,72.0,72.0,113.0,25784.0,84.0,0.0658673867769148,0.02,0.001,0.0038247,0.02,0.001,0.002524302,0.008,0.0004,0.00035574,0.001078,0.101337,0.0,0.700425,0.033353,0.002753,0.179312,41.9934,36.1814,26.5,0.99576,0.1,0.39834,0.04,-58.6638,13.346405905924636,9.815425832941633,0.0,0.0,0.0,0.0,0.0,0.0,0.0,0.0,0.0,0.0,0.0,0.0,0.0,0.0,0.0,0.0,0.0,0.0,3.0,5.0,6.43462e-314,27.0,0.0492810840664087,1.4301714666539815,-0.121592938178876,1.0,0.07176,258.0,0.7901667969558474
73,73.0,73.0,73.0,73.0,73.0,73.0,207.0,128975.0,75.0,0.0406675039411831,0.02,0.001,0.0026961,0.02,0.001,0.001779426,0.008,0.0004,0.00040095,0.001215,0.188191,0.0,0.336454,0.027608,0.012766,0.275473,26.7407,65.8028,26.5,0.83964,0.1,0.3358799999999998,0.04,-58.8547,12.515429205807681,8.457167591861747,0.0,0.0,0.0,0.0,0.0,0.0,0.0,0.0,0.0,0.0,0.0,0.0,0.0,0.0,0.0,0.0,0.0,0.0,3.0,5.0,6.47386e-314,33.5,0.1807972487384197,2.1794781308473308,0.1675019447442703,2.0,0.750017,1290.0,0.0340569063502249
74,74.0,74.0,74.0,74.0,74.0,74.0,99.0,93708.0,8.0,0.030107272435897,0.02,0.001,0.0019899,0.02,0.001,0.001313334,0.008,0.0004,0.00035409,0.001073,0.140549,0.0,0.584407,0.024945,0.006876,0.206136,49.0341,44.5112,26.5,0.54912,0.1,0.2196599999999999,0.04,-57.4807,12.130943368173378,7.961928239566875,0.0,0.0,0.0,0.0,0.0,0.0,0.0,0.0,0.0,0.0,0.0,0.0,0.0,0.0,0.0,0.0,0.0,0.0,3.0,5.0,0.0,32.0,0.3154373125617935,2.395574695419638,0.8845138966676257,1.0,0.482783,938.0,0.7220315833329639
75,75.0,75.0,75.0,75.0,75.0,75.0,184.0,59439.0,39.0,0.0524086647526274,0.02,0.001,0.0071687,0.02,0.001,0.004731342,0.008,0.0004,0.00197307,0.005979,0.141757,0.0,0.404357,0.070625,0.004126,0.331394,37.1422,19.0444,26.5,0.08166,0.1,0.03264,0.04,-59.0911,11.052481426656895,6.879192459618127,0.0,0.0,0.0,0.0,0.0,0.0,0.0,0.0,0.0,0.0,0.0,0.0,0.0,0.0,0.0,0.0,0.0,0.0,3.0,5.0,6.48381e-314,32.5,0.0685536210506779,1.786360669311127,-0.242806862930911,4.0,0.865813,595.0,0.8969086100815372
76,76.0,76.0,76.0,76.0,76.0,76.0,133.0,16929.0,29.0,0.0440684000010472,0.02,0.001,0.0036014,0.02,0.001,0.002376924,0.008,0.0004,0.00029502,0.000894,0.150022,0.0,0.826401,0.048194,0.005129,0.206697,42.8819,25.4254,26.5,0.72426,0.1,0.2896799999999998,0.04,-58.1414,13.529469078421155,10.182704509195048,0.0,0.0,0.0,0.0,0.0,0.0,0.0,0.0,0.0,0.0,0.0,0.0,0.0,0.0,0.0,0.0,0.0,0.0,3.0,5.0,6.43667e-314,32.0,0.1451101826034929,2.027685076413781,0.1666253883008864,1.0,0.09208,170.0,0.6370641599813553
77,77.0,77.0,77.0,77.0,77.0,77.0,75.0,93708.0,8.0,0.0495795005991674,0.02,0.001,0.0011924,0.02,0.001,0.000786984,0.008,0.0004,0.00099858,0.003026,0.140549,0.0,0.584407,0.024945,0.006876,0.206136,49.0341,44.5112,26.5,0.54912,0.1,0.2196599999999999,0.04,-57.4807,7.895589349843738,5.108440168073765,0.0,0.0,0.0,0.0,0.0,0.0,0.0,0.0,0.0,0.0,0.0,0.0,0.0,0.0,0.0,0.0,0.0,0.0,3.0,5.0,0.0,32.0,0.3154373125617935,2.395574695419638,0.8845138966676257,1.0,0.482783,938.0,0.7220315833329639
78,78.0,78.0,78.0,78.0,78.0,78.0,79.0,20578.0,78.0,0.0618802521744154,0.02,0.001,0.0057409,0.02,0.001,0.003788994,0.008,0.0004,0.00181434,0.005498,0.130156,0.0,0.513414,0.032261,0.008408,0.211527,40.9378,29.8863,26.5,0.47928,0.1,0.1916999999999999,0.04,-54.6045,10.674998140378065,6.580305081329457,0.0,0.0,0.0,0.0,0.0,0.0,0.0,0.0,0.0,0.0,0.0,0.0,0.0,0.0,0.0,0.0,0.0,0.0,3.0,5.0,6.48101e-314,32.5,0.1368009224976859,2.4530725439727017,-0.0876444544208026,1.0,0.087791,206.0,0.5136713742257065
79,79.0,79.0,79.0,79.0,79.0,79.0,138.0,96115.0,15.0,0.0411987899033184,0.02,0.001,0.0049335,0.02,0.001,0.00325611,0.008,0.0004,0.00239184,0.007248,0.120866,0.0,0.518935,0.036423,0.006025,0.21723,37.2291,45.6106,26.5,0.79026,0.1,0.3160799999999999,0.04,-56.7504,9.445347405699405,5.802434781890484,0.0,0.0,0.0,0.0,0.0,0.0,0.0,0.0,0.0,0.0,0.0,0.0,0.0,0.0,0.0,0.0,0.0,0.0,3.0,5.0,0.0,31.5,0.2931477509335349,1.7655691548594232,1.0163686986550062,2.0,0.655368,962.0,0.4213341007946707
80,80.0,80.0,80.0,80.0,80.0,80.0,158.0,9189.0,89.0,0.0497638203349819,0.02,0.001,0.0045232,0.02,0.001,0.002985312,0.008,0.0004,0.00095601,0.002897,0.120139,0.0,1.16433,0.024393,0.007597,0.213285,27.5197,63.0301,26.5,0.4849799999999999,0.1,0.1939799999999999,0.04,-58.9148,11.728419009416925,7.511481277264553,0.0,0.0,0.0,0.0,0.0,0.0,0.0,0.0,0.0,0.0,0.0,0.0,0.0,0.0,0.0,0.0,0.0,0.0,3.0,5.0,6.41057e-314,31.5,0.0651286277666253,2.2394668665972626,-0.3359121239067497,1.0,0.093176,92.0,0.7848984599183965
81,81.0,81.0,81.0,81.0,81.0,81.0,249.0,8791.0,91.0,0.0496827680631559,0.02,0.001,0.0014465,0.02,0.001,0.00095469,0.008,0.0004,0.00145365,0.004405,0.116278,0.0,0.818118,0.034941,0.005877,0.214867,46.6266,56.8974,26.5,0.5874,0.1,0.23496,0.04,-58.1447,7.423437134181617,4.939216045918789,0.0,0.0,0.0,0.0,0.0,0.0,0.0,0.0,0.0,0.0,0.0,0.0,0.0,0.0,0.0,0.0,0.0,0.0,3.0,5.0,4.26367e-314,31.0,0.0952678970825941,2.2702566009648293,-0.3599925656607902,1.0,0.082555,88.0,0.5355910607726166
82,82.0,82.0,82.0,82.0,82.0,82.0,20.0,18751.0,51.0,0.0423789635607832,0.02,0.001,0.0010813,0.02,0.001,0.000713658,0.008,0.0004,0.00055242,0.001674,0.065718,0.0,0.840123,0.019278,0.006189,0.244279,33.9161,13.0703,26.5,0.50454,0.1,0.2018399999999998,0.04,-56.5286,9.292438895887651,5.722207290357632,0.0,0.0,0.0,0.0,0.0,0.0,0.0,0.0,0.0,0.0,0.0,0.0,0.0,0.0,0.0,0.0,0.0,0.0,3.0,5.0,4.28012e-314,31.0,0.0733808472696326,1.988699581376193,-0.3642063157096676,3.0,0.2505469999999999,188.0,0.9163608538038144
83,83.0,83.0,83.0,83.0,83.0,83.0,21.0,25443.0,43.0,0.0344162200974538,0.02,0.001,0.0051799,0.02,0.001,0.003418734,0.008,0.0004,0.00031878,0.000966,0.225372,0.0,0.442529,0.02834,0.00633,0.091962,48.5021,66.1755,26.5,0.0240599999999999,0.1,0.0096,0.04,-55.4764,13.882956236951195,10.981844074054754,0.0,0.0,0.0,0.0,0.0,0.0,0.0,0.0,0.0,0.0,0.0,0.0,0.0,0.0,0.0,0.0,0.0,0.0,3.0,5.0,0.0,38.5,0.083824713697274,1.83541645798687,0.2693474609161878,1.0,0.094269,255.0,0.1099918947720538
84,84.0,84.0,84.0,84.0,84.0,84.0,70.0,93511.0,11.0,0.047284636875885,0.02,0.001,0.002706,0.02,0.001,0.00178596,0.008,0.0004,0.00224367,0.006799,0.101342,0.0,1.16484,0.023226,0.001449,0.169268,32.2959,69.861,26.5,0.79266,0.1,0.31704,0.04,-57.4949,7.922280895148794,5.118493590235085,0.0,0.0,0.0,0.0,0.0,0.0,0.0,0.0,0.0,0.0,0.0,0.0,0.0,0.0,0.0,0.0,0.0,0.0,3.0,5.0,4.26057e-314,37.0,0.0821939680096291,1.976942292539121,-0.2918918100748738,2.0,0.334481,936.0,0.5001565731641553
85,85.0,85.0,85.0,85.0,85.0,85.0,126.0,20957.0,57.0,0.0446028085463668,0.02,0.001,0.005885,0.02,0.001,0.0038841,0.008,0.0004,0.00037158,0.001126,0.163532,0.0,0.543443,0.021925,0.00766,0.236267,39.4812,49.9505,26.5,0.61218,0.1,0.24486,0.04,-58.8598,13.854383806870338,10.912379152185167,0.0,0.0,0.0,0.0,0.0,0.0,0.0,0.0,0.0,0.0,0.0,0.0,0.0,0.0,0.0,0.0,0.0,0.0,3.0,5.0,4.27993e-314,38.5,0.1547287809305919,2.9008020426940746,0.2174146481480354,3.0,0.285126,210.0,0.7638550149838144
86,86.0,86.0,86.0,86.0,86.0,86.0,0.0,19732.0,32.0,0.0443855772702132,0.02,0.001,0.0071929,0.02,0.001,0.004747314,0.008,0.0004,0.00163449,0.004953,0.158449,0.0,0.723412,0.026271,0.007702,0.233534,49.2477,71.356,26.5,0.57888,0.1,0.23154,0.04,-58.0718,11.549613284815488,7.330441802433956,0.0,0.0,0.0,0.0,0.0,0.0,0.0,0.0,0.0,0.0,0.0,0.0,0.0,0.0,0.0,0.0,0.0,0.0,3.0,5.0,4.11e-321,39.5,0.0766715227168098,3.644332199135401,-0.2227973154527783,1.0,0.08431,198.0,0.5343612712707303
87,87.0,87.0,87.0,87.0,87.0,87.0,51.0,84443.0,43.0,0.0334647674655135,0.02,0.001,0.0013981,0.02,0.001,0.000922746,0.008,0.0004,0.00028974,0.000878,0.146287,0.0,0.948789,0.036398,0.005208,0.241011,34.7926,57.9092,26.5,0.05976,0.1,0.02388,0.04,-57.7058,11.776060364858349,7.561584242961986,0.0,0.0,0.0,0.0,0.0,0.0,0.0,0.0,0.0,0.0,0.0,0.0,0.0,0.0,0.0,0.0,0.0,0.0,3.0,5.0,0.0,41.0,0.1565516012927089,3.249761223070533,-0.1124867599532217,1.0,0.322937,845.0,0.2393839104525806
88,88.0,88.0,88.0,88.0,88.0,88.0,7.0,30834.0,34.0,0.0521027876109294,0.02,0.001,0.0014388,0.02,0.001,0.000949608,0.008,0.0004,0.00069894,0.002118,0.161999,0.0,0.533261,0.017662,0.006696,0.267969,48.4125,47.0551,26.5,0.0243,0.1,0.00972,0.04,-57.7648,9.439547339188898,5.799335296288351,0.0,0.0,0.0,0.0,0.0,0.0,0.0,0.0,0.0,0.0,0.0,0.0,0.0,0.0,0.0,0.0,0.0,0.0,3.0,5.0,6.47436e-314,43.5,0.0595513429711684,3.1161714535005176,-0.2500089866592993,3.0,0.326999,309.0,3.974983415489596
89,89.0,89.0,89.0,89.0,89.0,89.0,29.0,30834.0,34.0,0.0614390362658293,0.02,0.001,0.0028204,0.02,0.001,0.001861464,0.008,0.0004,0.00047949,0.001453,0.161999,0.0,0.533261,0.017662,0.006696,0.267969,48.4125,47.0551,26.5,0.0243,0.1,0.00972,0.04,-57.7648,12.232181931849949,8.085651295802974,0.0,0.0,0.0,0.0,0.0,0.0,0.0,0.0,0.0,0.0,0.0,0.0,0.0,0.0,0.0,0.0,0.0,0.0,3.0,5.0,6.47436e-314,43.5,0.0595513429711684,3.1161714535005176,-0.2500089866592993,3.0,0.326999,309.0,1.8548814497667747
90,90.0,90.0,90.0,90.0,90.0,90.0,213.0,95852.0,52.0,0.0432290383657711,0.02,0.001,0.0033517,0.02,0.001,0.002212122,0.008,0.0004,0.00122529,0.003713,0.14785,0.0,1.42988,0.011452,0.003936,0.176148,60.2873,48.6699,26.5,0.02502,0.1,0.01002,0.04,-57.8802,10.264164876012538,6.290640195169482,0.0,0.0,0.0,0.0,0.0,0.0,0.0,0.0,0.0,0.0,0.0,0.0,0.0,0.0,0.0,0.0,0.0,0.0,3.0,5.0,6.4145e-314,40.5,0.2238928835907213,3.292203562395338,0.6560812727279477,2.0,0.491775,959.0,0.8738708289591678
91,91.0,91.0,91.0,91.0,91.0,91.0,43.0,22936.0,36.0,0.0364908187599406,0.02,0.001,0.0029568,0.02,0.001,0.001951488,0.008,0.0004,0.00217239,0.006583,0.119885,0.0,0.603754,0.026203,0.003391,0.245675,31.5839,71.6209,26.5,0.2865,0.1,0.1146,0.04,-56.1499,8.252264714455531,5.247518413263427,0.0,0.0,0.0,0.0,0.0,0.0,0.0,0.0,0.0,0.0,0.0,0.0,0.0,0.0,0.0,0.0,0.0,0.0,3.0,5.0,6.41236e-314,42.5,0.1352538554336306,2.8250276579076496,-0.2892408794346428,1.0,0.080172,230.0,0.9321730053842482
92,92.0,92.0,92.0,92.0,92.0,92.0,175.0,118040.0,40.0,0.064659191512143,0.02,0.001,0.0014388,0.02,0.001,0.000949608,0.008,0.0004,0.00069894,0.002118,0.12408,0.0,0.385039,0.01836,0.002122,0.261265,54.5383,61.9532,26.5,0.05718,0.1,0.02286,0.04,-58.0207,9.439547339188898,5.799335296288351,0.0,0.0,0.0,0.0,0.0,0.0,0.0,0.0,0.0,0.0,0.0,0.0,0.0,0.0,0.0,0.0,0.0,0.0,3.0,5.0,6.44043e-314,41.5,0.1824617230482969,3.010667342300574,0.3768542096945579,1.0,0.456195,1181.0,0.8904517805949197
93,93.0,93.0,93.0,93.0,93.0,93.0,248.0,64086.0,86.0,0.0411210688184125,0.02,0.001,0.0053471,0.02,0.001,0.003529086,0.008,0.0004,0.0001419,0.00043,0.183054,0.0,1.02961,0.000688,0.009043,0.179669,52.8971,50.3408,26.5,0.04434,0.1,0.0177599999999999,0.04,-58.8162,14.547776583870341,12.898919776855772,0.0,0.0,0.0,0.0,0.0,0.0,0.0,0.0,0.0,0.0,0.0,0.0,0.0,0.0,0.0,0.0,0.0,0.0,3.0,5.0,6.47175e-314,46.0,0.2003419987265776,3.595305348055469,0.538009903654009,2.0,0.379016,641.0,0.1564169288636622
94,94.0,94.0,94.0,94.0,94.0,94.0,5.0,100291.0,91.0,0.0293821829933636,0.02,0.001,0.0052668,0.02,0.001,0.003476088,0.008,0.0004,0.00167475,0.005075,0.144043,0.0,1.42604,0.046807,0.00492,0.360487,48.4372,19.2787,26.5,0.09786,0.1,0.03918,0.04,-55.1491,10.65793448579484,6.5675759792115835,0.0,0.0,0.0,0.0,0.0,0.0,0.0,0.0,0.0,0.0,0.0,0.0,0.0,0.0,0.0,0.0,0.0,0.0,3.0,5.0,4.24996e-314,46.0,0.457842148482018,4.344182195413319,2.074611809429565,2.0,0.563183,1003.0,7.621146652271758
95,95.0,95.0,95.0,95.0,95.0,95.0,243.0,62649.0,49.0,0.0412324154756358,0.02,0.001,0.0028468,0.02,0.001,0.001878888,0.008,0.0004,0.00047289,0.001433,0.18772,0.0,0.790499,0.027088,0.009039,0.237393,60.3368,63.8473,26.5,0.10266,0.1,0.04104,0.04,-55.3432,12.282710355330035,8.149117785015315,0.0,0.0,0.0,0.0,0.0,0.0,0.0,0.0,0.0,0.0,0.0,0.0,0.0,0.0,0.0,0.0,0.0,0.0,3.0,5.0,6.41506e-314,51.0,0.0962337273531502,3.3291393346230715,-0.0690350466010926,3.0,0.55748,627.0,0.7522040556258769
96,96.0,96.0,96.0,96.0,96.0,96.0,39.0,61033.0,33.0,0.0461571744650322,0.02,0.001,0.0057068,0.02,0.001,0.003766488,0.008,0.0004,0.00075108,0.002276,0.175556,0.0,0.670649,0.028634,0.008212,0.289875,35.9476,85.1163,26.5,0.08856,0.1,0.03546,0.04,-55.0532,12.755985837474215,8.805359642101848,0.0,0.0,0.0,0.0,0.0,0.0,0.0,0.0,0.0,0.0,0.0,0.0,0.0,0.0,0.0,0.0,0.0,0.0,3.0,5.0,6.47963e-314,51.0,0.0478350131887942,4.170507715602191,-0.1916858745625423,1.0,0.089422,611.0,0.0774027578475705
97,97.0,97.0,97.0,97.0,97.0,97.0,103.0,59288.0,88.0,0.0387564297905295,0.02,0.001,0.0031592,0.02,0.001,0.002085072,0.008,0.0004,0.00177639,0.005383,0.153837,0.0,0.792337,0.03906,0.001713,0.261304,48.1723,38.9807,26.5,0.0499199999999999,0.1,0.01998,0.04,-56.4593,9.013425969995923,5.583361521805053,0.0,0.0,0.0,0.0,0.0,0.0,0.0,0.0,0.0,0.0,0.0,0.0,0.0,0.0,0.0,0.0,0.0,0.0,3.0,5.0,6.4722e-314,56.0,0.0569602269311784,3.7518484206960734,-0.1031413131766401,2.0,0.415612,593.0,6.14310629514372
98,98.0,98.0,98.0,98.0,98.0,98.0,27.0,11042.0,42.0,0.049687755102348,0.02,0.001,0.0019327,0.02,0.001,0.001275582,0.008,0.0004,0.00117447,0.003559,0.08424,0.0,0.517719,0.042898,0.008372,0.205315,26.2256,54.7461,26.5,0.05538,0.1,0.02214,0.04,-55.4971,8.789189503405273,5.478289923726518,0.0,0.0,0.0,0.0,0.0,0.0,0.0,0.0,0.0,0.0,0.0,0.0,0.0,0.0,0.0,0.0,0.0,0.0,3.0,5.0,6.47292e-314,11.5,0.1897539497804378,0.1423560443417587,0.0525041273548164,2.0,0.235101,111.0,0.0919007465235205
99,99.0,99.0,99.0,99.0,99.0,99.0,60.0,29894.0,94.0,0.0353539592994585,0.02,0.001,0.0062293,0.02,0.001,0.004111338,0.008,0.0004,0.00230109,0.006973,0.111137,0.0,0.779131,0.048774,0.005772,0.274654,46.0792,58.8911,26.5,0.0568199999999999,0.1,0.02274,0.04,-57.7263,10.234382959248787,6.270927861253192,0.0,0.0,0.0,0.0,0.0,0.0,0.0,0.0,0.0,0.0,0.0,0.0,0.0,0.0,0.0,0.0,0.0,0.0,3.0,5.0,6.47643e-314,25.5,0.08470739830517,1.622663993062019,0.1048035812466567,2.0,0.132384,299.0,0.7953408784918385
