,Unnamed: 0.8,Unnamed: 0.7,Unnamed: 0.6,Unnamed: 0.5,Unnamed: 0.4,Unnamed: 0.3,Unnamed: 0.2,Unnamed: 0.1,Unnamed: 0,gTON_STN_MEAN_nS_pF,gTON_STN_SIGMA,gTON_STN_THETA,gTON_CL_S_MEAN_nS_pF,gTON_CL_S_SIGMA,gTON_CL_S_THETA,gTON_CL_D_MEAN_nS_pF,gTON_CL_D_SIGMA,gTON_CL_D_THETA,gKCC2_S_nS_pF,gKCC2_D_nS_pF,gTRPC3_nS_pF,gHCN_nS_pF,gCA_nS_pF,gL_nS_pF,gSK_nS_pF,gNAP_nS_pF,gNAF_nS_pF,gKDR_nS_pF,gSD_nS,soma_noise_intensity,soma_noise_intensity_theta,dend_noise_intensity,dend_noise_intensity_theta,Eleak_mV,CL_in_S,CL_in_D,Iapp,Iapp_dend,gpe_stim,gpe_stim_freqs,gpe_poisson,W_gpe,gpe_start_time,gpe_base_length,gpe_stim_length,gpe_post_length,str_stim,str_stim_freqs,str_poisson,W_str,str_start_time,str_base_length,str_stim_length,str_post_length,tausyn,tauexc,tausyn_dend,pre_exp_fr,pre_exp_cv,pre_exp_fr_zscore,pre_exp_cv_zscore,connections,total_weight,sim,rel_error
0,0.0,0.0,0.0,0.0,0.0,0.0,172.0,124120.0,20.0,0.0388183591280396,0.005,0.001,0.009071568,0.005,0.001,0.004535784,0.002,0.0004,0.00051414,0.00051414,0.110732,0.0,0.764274,0.054807,0.008124,0.1595,43.4084,63.5912,26.5,1.4158399999999998,0.1,0.5664,0.04,-58.9219,13.970848223426545,13.026659560163552,0.0,0.0,0.0,0.0,0.0,0.0,0.0,0.0,0.0,0.0,0.0,0.0,0.0,0.0,0.0,0.0,0.0,0.0,3.0,5.0,6.47844e-314,4.0,0.1989401832901281,-0.4660118681991761,0.21086965607091,1.0,0.238459,1242.0,0.0065670445809396
1,1.0,1.0,1.0,1.0,1.0,1.0,214.0,88464.0,64.0,0.0350831406556048,0.005,0.001,0.006812784,0.005,0.001,0.003406392,0.002,0.0004,0.00051513,0.00051513,0.092801,0.0,0.752844,0.047607,0.012124,0.143029,36.3532,51.4186,26.5,0.08656,0.1,0.03456,0.04,-56.3391,13.636417751357236,12.481132861235547,0.0,0.0,0.0,0.0,0.0,0.0,0.0,0.0,0.0,0.0,0.0,0.0,0.0,0.0,0.0,0.0,0.0,0.0,3.0,5.0,3.14384e-319,5.0,0.1980513761816469,-0.4387789792136601,0.6224500282030175,2.0,0.573553,885.0,0.0033797592753633
2,2.0,2.0,2.0,2.0,2.0,2.0,221.0,104463.0,63.0,0.0435689086178963,0.005,0.001,0.0025806,0.005,0.001,0.0012903,0.002,0.0004,0.00027093,0.00027093,0.090832,0.0,0.7338,0.042583,0.009785,0.183954,38.1829,51.1943,26.5,0.14864,0.1,0.0595199999999998,0.04,-56.615,13.155736025097733,11.744352383664818,0.0,0.0,0.0,0.0,0.0,0.0,0.0,0.0,0.0,0.0,0.0,0.0,0.0,0.0,0.0,0.0,0.0,0.0,3.0,5.0,6.43617e-314,4.0,0.0705989198123984,-1.0087926415777893,-0.8299131407662823,2.0,0.846957,1045.0,0.0061029615368163
3,3.0,3.0,3.0,3.0,3.0,3.0,210.0,118476.0,76.0,0.0391477547262633,0.005,0.001,0.001672836,0.005,0.001,0.000836418,0.002,0.0004,0.0013081199999999,0.0013081199999999,0.057962,0.0,0.675808,0.043778,0.00805,0.169077,19.2961,52.2104,26.5,0.16992,0.1,0.0679999999999998,0.04,-56.3618,8.080729621055038,6.427985659518167,0.0,0.0,0.0,0.0,0.0,0.0,0.0,0.0,0.0,0.0,0.0,0.0,0.0,0.0,0.0,0.0,0.0,0.0,3.0,5.0,6.40663e-314,4.5,0.3945991857359928,-0.5907453937081006,1.016948331832718,2.0,0.924156,1185.0,0.0424577275202442
4,4.0,4.0,4.0,4.0,4.0,4.0,185.0,81528.0,28.0,0.0292954589532482,0.005,0.001,0.007268184,0.005,0.001,0.003634092,0.002,0.0004,0.00167475,0.00167475,0.11312,0.0,0.548279,0.036129,0.009109,0.134614,32.0256,51.2327,26.5,1.63584,0.1,0.6544,0.04,-59.4177,11.514650486170767,9.593430931152488,0.0,0.0,0.0,0.0,0.0,0.0,0.0,0.0,0.0,0.0,0.0,0.0,0.0,0.0,0.0,0.0,0.0,0.0,3.0,5.0,4.82e-321,4.0,0.2502248238373493,-0.5753229731691537,0.6737822922654476,2.0,0.622449,816.0,0.0254303052102637
5,5.0,5.0,5.0,5.0,5.0,5.0,134.0,83141.0,41.0,0.0382095154355855,0.005,0.001,0.00263373,0.005,0.001,0.001316865,0.002,0.0004,0.00129657,0.00129657,0.106711,0.0,0.613854,0.048737,0.006151,0.126082,32.6539,48.2419,26.5,2.09456,0.1,0.83776,0.04,-59.5337,9.40064436139132,7.474819954243618,0.0,0.0,0.0,0.0,0.0,0.0,0.0,0.0,0.0,0.0,0.0,0.0,0.0,0.0,0.0,0.0,0.0,0.0,3.0,5.0,6.43493e-314,1.5,0.3396957864020186,-1.2288385601237133,1.1028568221413688,6.0,1.429099,832.0,0.0350690184902967
6,6.0,6.0,6.0,6.0,6.0,6.0,197.0,58161.0,61.0,0.0398162710084937,0.005,0.001,0.008596434,0.005,0.001,0.004298217,0.002,0.0004,0.00230109,0.00230109,0.102077,0.0,0.656789,0.037469,0.005557,0.235087,18.626,55.3847,26.5,1.80016,0.1,0.72,0.04,-59.3461,11.126698979793842,9.15605420052096,0.0,0.0,0.0,0.0,0.0,0.0,0.0,0.0,0.0,0.0,0.0,0.0,0.0,0.0,0.0,0.0,0.0,0.0,3.0,5.0,4.25287e-314,3.5,0.2052738035614249,-0.6658263976270694,0.3880631632932877,2.0,0.401877,582.0,0.0070577079726187
7,7.0,7.0,7.0,7.0,7.0,7.0,223.0,48987.0,87.0,0.0398898608974886,0.005,0.001,0.006513738,0.005,0.001,0.003256869,0.002,0.0004,0.00068706,0.00068706,0.092705,0.0,0.430305,0.048689,0.008068,0.169934,31.1721,38.8836,26.5,0.96832,0.1,0.38736,0.04,-57.8398,13.148061792626972,11.733020238984436,0.0,0.0,0.0,0.0,0.0,0.0,0.0,0.0,0.0,0.0,0.0,0.0,0.0,0.0,0.0,0.0,0.0,0.0,3.0,5.0,6.44555e-314,4.0,0.3617382682855741,-0.5472940684483523,1.1759202138682998,3.0,0.67847,490.0,0.0782889064418901
8,8.0,8.0,8.0,8.0,8.0,8.0,183.0,100149.0,49.0,0.0414789988161182,0.005,0.001,0.00838695,0.005,0.001,0.004193475,0.002,0.0004,0.00158664,0.00158664,0.160002,0.0,0.499531,0.046096,0.009387,0.165796,30.4724,38.8417,26.5,1.57392,0.1,0.6296,0.04,-58.2929,11.99141122672677,10.165628879490212,0.0,0.0,0.0,0.0,0.0,0.0,0.0,0.0,0.0,0.0,0.0,0.0,0.0,0.0,0.0,0.0,0.0,0.0,3.0,5.0,6.44635e-314,4.5,0.4096910142616522,-0.3922539140480572,1.4586193589853491,2.0,0.7943830000000001,1002.0,0.0018205478575616
9,9.0,9.0,9.0,9.0,9.0,9.0,15.0,103745.0,45.0,0.0426730425625197,0.005,0.001,0.00548757,0.005,0.001,0.002743785,0.002,0.0004,0.00144045,0.00144045,0.10326,0.0,0.677797,0.039555,0.008847,0.149091,38.5793,40.4266,26.5,1.73888,0.1,0.69552,0.04,-57.1206,11.17848588549427,9.21304191895622,0.0,0.0,0.0,0.0,0.0,0.0,0.0,0.0,0.0,0.0,0.0,0.0,0.0,0.0,0.0,0.0,0.0,0.0,3.0,5.0,0.0,8.5,0.2896728434639072,0.0929826880266719,1.1388045429097051,1.0,0.40011,1038.0,0.007382733772461
10,10.0,10.0,10.0,10.0,10.0,10.0,46.0,22545.0,45.0,0.0412204772275471,0.005,0.001,0.001483086,0.005,0.001,0.000741543,0.002,0.0004,0.00226479,0.00226479,0.095379,0.0,0.790757,0.037773,0.007262,0.178878,27.7186,48.2671,26.5,1.70256,0.1,0.68096,0.04,-58.4186,6.475741859424908,5.363865596986333,0.0,0.0,0.0,0.0,0.0,0.0,0.0,0.0,0.0,0.0,0.0,0.0,0.0,0.0,0.0,0.0,0.0,0.0,3.0,5.0,0.0,9.5,0.0677181912060259,0.1400844219791328,-0.2259302658255842,1.0,0.08862,226.0,0.1354856524509147
11,11.0,11.0,11.0,11.0,11.0,11.0,112.0,77711.0,11.0,0.037003296846423,0.005,0.001,0.00415932,0.005,0.001,0.00207966,0.002,0.0004,0.00108075,0.00108075,0.111489,0.0,0.597808,0.041812,0.010779,0.233088,26.2659,26.644,26.5,2.19584,0.1,0.8784,0.04,-58.3303,11.205265143859428,9.242676324760845,0.0,0.0,0.0,0.0,0.0,0.0,0.0,0.0,0.0,0.0,0.0,0.0,0.0,0.0,0.0,0.0,0.0,0.0,3.0,5.0,4.26057e-314,10.0,0.2318144962539224,0.1431083505599867,0.0676286356217033,1.0,0.235216,778.0,0.0054583486361398
12,12.0,12.0,12.0,12.0,12.0,12.0,122.0,75850.0,50.0,0.0264800399132901,0.005,0.001,0.009522414,0.005,0.001,0.004761207,0.002,0.0004,0.00053064,0.00053064,0.12274,0.0,0.391837,0.04124,0.010711,0.129274,39.0439,48.4102,26.5,0.13072,0.1,0.05232,0.04,-56.399,13.98818250986563,13.05570911988899,0.0,0.0,0.0,0.0,0.0,0.0,0.0,0.0,0.0,0.0,0.0,0.0,0.0,0.0,0.0,0.0,0.0,0.0,3.0,5.0,4.24544e-314,8.5,0.4780396929864523,-0.0688713525107662,1.775647028339732,1.0,0.432949,759.0,2.9392843788103915e-05
13,13.0,13.0,13.0,13.0,13.0,13.0,189.0,58548.0,48.0,0.0310099649209526,0.005,0.001,0.005763846,0.005,0.001,0.002881923,0.002,0.0004,0.00113289,0.00113289,0.122837,0.0,0.792789,0.043561,0.006943,0.193692,42.626,38.7329,26.5,1.95728,0.1,0.78288,0.04,-57.2622,11.902212082511374,10.055530702637775,0.0,0.0,0.0,0.0,0.0,0.0,0.0,0.0,0.0,0.0,0.0,0.0,0.0,0.0,0.0,0.0,0.0,0.0,3.0,5.0,1.16585e-54,9.5,0.3273937893938073,0.1668730430078696,1.1054494725058597,3.0,0.5384329999999999,586.0,0.0244343795076215
14,14.0,14.0,14.0,14.0,14.0,14.0,82.0,102829.0,29.0,0.0347498532194159,0.005,0.001,0.007485258,0.005,0.001,0.003742629,0.002,0.0004,0.00054912,0.00054912,0.083728,0.0,0.74875,0.038174,0.008076,0.20181,44.032,46.6504,26.5,0.15472,0.1,0.0619199999999998,0.04,-57.1775,13.675134846750453,12.54286298017496,0.0,0.0,0.0,0.0,0.0,0.0,0.0,0.0,0.0,0.0,0.0,0.0,0.0,0.0,0.0,0.0,0.0,0.0,3.0,5.0,6.4009e-314,8.5,0.3493440392379997,0.0012781716040662,1.123857853601901,3.0,1.211377,1029.0,0.0070973463348527
15,15.0,15.0,15.0,15.0,15.0,15.0,167.0,42252.0,52.0,0.0352358736372578,0.005,0.001,0.001877766,0.005,0.001,0.000938883,0.002,0.0004,0.00072039,0.00072039,0.112891,0.0,0.732641,0.044424,0.00803,0.146116,44.1692,53.0108,26.5,0.15888,0.1,0.06352,0.04,-57.7285,10.125753119841411,8.132617180271502,0.0,0.0,0.0,0.0,0.0,0.0,0.0,0.0,0.0,0.0,0.0,0.0,0.0,0.0,0.0,0.0,0.0,0.0,3.0,5.0,6.41321e-314,8.5,0.494507504299548,-0.1418973249540882,1.3162429017963329,2.0,0.240822,423.0,0.0083864631114698
16,16.0,16.0,16.0,16.0,16.0,16.0,102.0,1853.0,53.0,0.0365540655306816,0.005,0.001,0.003538458,0.005,0.001,0.001769229,0.002,0.0004,0.00292479,0.00292479,0.086169,0.0,0.798471,0.036765,0.008085,0.171093,33.7487,47.2315,26.5,0.1763199999999998,0.1,0.07056,0.04,-57.287,7.930623702581398,6.319681369544436,0.0,0.0,0.0,0.0,0.0,0.0,0.0,0.0,0.0,0.0,0.0,0.0,0.0,0.0,0.0,0.0,0.0,0.0,3.0,5.0,4.26863e-314,8.5,0.1154294022543187,0.0809781793206134,-0.3109615887683641,2.0,0.227193,19.0,0.0083678699331265
17,17.0,17.0,17.0,17.0,17.0,17.0,219.0,40888.0,88.0,0.0349421995679371,0.005,0.001,0.005584722,0.005,0.001,0.002792361,0.002,0.0004,0.00162525,0.00162525,0.108701,0.0,0.646351,0.045467,0.007763,0.163255,33.0451,47.1847,26.5,0.16496,0.1,0.06608,0.04,-59.2456,10.901914949699188,8.913508769487892,0.0,0.0,0.0,0.0,0.0,0.0,0.0,0.0,0.0,0.0,0.0,0.0,0.0,0.0,0.0,0.0,0.0,0.0,3.0,5.0,6.48012e-314,9.0,0.202583137457108,-0.0820260419576252,0.1770436367303366,1.0,0.239187,409.0,0.029674877964073
18,18.0,18.0,18.0,18.0,18.0,18.0,191.0,22994.0,94.0,0.0379118993045417,0.005,0.001,0.007409358,0.005,0.001,0.003704679,0.002,0.0004,0.00027159,0.00027159,0.160091,0.0,0.287581,0.049332,0.010597,0.220027,28.9419,47.6055,26.5,2.2616,0.1,0.90464,0.04,-59.8925,14.347617299158504,13.676001071622355,0.0,0.0,0.0,0.0,0.0,0.0,0.0,0.0,0.0,0.0,0.0,0.0,0.0,0.0,0.0,0.0,0.0,0.0,3.0,5.0,6.41236e-314,13.5,0.2194457988656245,0.1428930342598565,0.0989465430755205,2.0,0.274919,230.0,0.0967323466453676
19,19.0,19.0,19.0,19.0,19.0,19.0,124.0,42958.0,58.0,0.0343545219168467,0.005,0.001,0.003418536,0.005,0.001,0.001709268,0.002,0.0004,0.00118206,0.00118206,0.115264,0.0,0.632023,0.04212,0.011547,0.19355,45.0356,61.4658,26.5,1.93984,0.1,0.776,0.04,-58.1517,10.422573023232783,8.421301334624967,0.0,0.0,0.0,0.0,0.0,0.0,0.0,0.0,0.0,0.0,0.0,0.0,0.0,0.0,0.0,0.0,0.0,0.0,3.0,5.0,6.43773e-314,10.5,0.1596730263730537,0.099534520358688,-0.2708834292170876,1.0,0.206036,430.0,0.0899882897201118
20,20.0,20.0,20.0,20.0,20.0,20.0,117.0,43588.0,88.0,0.0393870413928885,0.005,0.001,0.009734934,0.005,0.001,0.004867467,0.002,0.0004,0.00055275,0.00055275,0.107309,0.0,0.713701,0.031538,0.009261,0.168477,38.2209,67.9345,26.5,1.6270399999999998,0.1,0.6508799999999998,0.04,-58.4093,13.96895384288195,13.023489588621159,0.0,0.0,0.0,0.0,0.0,0.0,0.0,0.0,0.0,0.0,0.0,0.0,0.0,0.0,0.0,0.0,0.0,0.0,3.0,5.0,6.47618e-314,12.5,0.2725913473417835,0.4052866646416463,0.5846549612211338,3.0,0.484799,436.0,0.0081467649532005
21,21.0,21.0,21.0,21.0,21.0,21.0,76.0,34591.0,91.0,0.0372433800874753,0.005,0.001,0.004611684,0.005,0.001,0.002305842,0.002,0.0004,0.00136488,0.00136488,0.102552,0.0,0.814171,0.035675,0.008939,0.16557,34.0964,43.6397,26.5,1.63136,0.1,0.65248,0.04,-56.09,10.855958598120662,8.864866475008355,0.0,0.0,0.0,0.0,0.0,0.0,0.0,0.0,0.0,0.0,0.0,0.0,0.0,0.0,0.0,0.0,0.0,0.0,3.0,5.0,4.24726e-314,15.0,0.1958913195968947,1.104092728703738,-0.2986610040864502,2.0,0.38007,346.0,0.039987468953693
22,22.0,22.0,22.0,22.0,22.0,22.0,216.0,12499.0,99.0,0.0349388016593432,0.005,0.001,0.00281589,0.005,0.001,0.001407945,0.002,0.0004,0.00051975,0.00051975,0.090098,0.0,0.738179,0.040877,0.00875,0.174312,43.957,30.5623,26.5,0.11344,0.1,0.04544,0.04,-56.1126,12.048032112537516,10.236265556969176,0.0,0.0,0.0,0.0,0.0,0.0,0.0,0.0,0.0,0.0,0.0,0.0,0.0,0.0,0.0,0.0,0.0,0.0,3.0,5.0,2.12725e-314,11.5,0.1682809982308427,0.3461069019321245,0.0153514841665969,1.0,0.115171,125.0,0.0807423050556524
23,23.0,23.0,23.0,23.0,23.0,23.0,2.0,12384.0,84.0,0.0381036678935106,0.005,0.001,0.014928012,0.005,0.001,0.007464006,0.002,0.0004,0.00138831,0.00138831,0.116514,0.0,0.698501,0.048105,0.008109,0.238944,25.874,57.6584,26.5,1.732,0.1,0.6928,0.04,-59.927,13.346582513324401,12.030445301630131,0.0,0.0,0.0,0.0,0.0,0.0,0.0,0.0,0.0,0.0,0.0,0.0,0.0,0.0,0.0,0.0,0.0,0.0,3.0,5.0,6.40149e-314,13.5,0.0545474556878352,0.5997540761982842,-0.5429660268063401,0.0,0.0,124.0,0.0023981011602142
24,24.0,24.0,24.0,24.0,24.0,24.0,203.0,90928.0,28.0,0.0344009542626263,0.005,0.001,0.00199617,0.005,0.001,0.000998085,0.002,0.0004,0.00145365,0.00145365,0.099271,0.0,0.479737,0.032737,0.010145,0.206835,36.2043,10.5366,26.5,2.01984,0.1,0.8079999999999998,0.04,-56.3898,8.276897431007491,6.572600857368853,0.0,0.0,0.0,0.0,0.0,0.0,0.0,0.0,0.0,0.0,0.0,0.0,0.0,0.0,0.0,0.0,0.0,0.0,3.0,5.0,4.82e-321,13.0,0.0935107136909707,0.7057256667400508,-0.3681637078342079,0.0,0.0,910.0,0.0918554257849683
25,25.0,25.0,25.0,25.0,25.0,25.0,201.0,2828.0,28.0,0.031460045467061,0.005,0.001,0.008430972,0.005,0.001,0.004215486,0.002,0.0004,0.00326601,0.00326601,0.093529,0.0,0.557785,0.039231,0.00802,0.156346,44.6405,56.0161,26.5,0.1968,0.1,0.07872,0.04,-56.6084,10.097808623706104,8.106043583911527,0.0,0.0,0.0,0.0,0.0,0.0,0.0,0.0,0.0,0.0,0.0,0.0,0.0,0.0,0.0,0.0,0.0,0.0,3.0,5.0,4.82e-321,11.0,0.1853794200431019,0.4555815635519358,0.038304438951034,2.0,0.166068,29.0,0.0826690082838774
26,26.0,26.0,26.0,26.0,26.0,26.0,54.0,103198.0,98.0,0.0355044623155458,0.005,0.001,0.014928012,0.005,0.001,0.007464006,0.002,0.0004,0.00138831,0.00138831,0.097759,0.0,0.750254,0.040645,0.008536,0.168722,39.2269,51.9269,26.5,1.55728,0.1,0.62288,0.04,-56.4238,13.346582513324401,12.030445301630131,0.0,0.0,0.0,0.0,0.0,0.0,0.0,0.0,0.0,0.0,0.0,0.0,0.0,0.0,0.0,0.0,0.0,0.0,3.0,5.0,0.0,11.0,0.2972297298743744,0.6448681634677028,0.6827794781566494,1.0,0.430372,1032.0,0.0255541008799565
27,27.0,27.0,27.0,27.0,27.0,27.0,59.0,110357.0,57.0,0.0318556231511921,0.005,0.001,0.005091372,0.005,0.001,0.002545686,0.002,0.0004,0.00113322,0.00113322,0.092656,0.0,0.697925,0.024272,0.009788,0.18375,32.4448,32.8596,26.5,1.568,0.1,0.6272,0.04,-57.757,11.601297972520053,9.694499488367692,0.0,0.0,0.0,0.0,0.0,0.0,0.0,0.0,0.0,0.0,0.0,0.0,0.0,0.0,0.0,0.0,0.0,0.0,3.0,5.0,4.26391e-314,13.5,0.2518934281777235,0.7180236346487233,0.2727755679555085,1.0,0.449987,1104.0,0.0185065540179815
28,28.0,28.0,28.0,28.0,28.0,28.0,104.0,96522.0,22.0,0.0350543758460683,0.005,0.001,0.003928584,0.005,0.001,0.001964292,0.002,0.0004,0.00047289,0.00047289,0.079688,0.0,0.629946,0.032113,0.007646,0.234046,23.5162,49.9998,26.5,1.43184,0.1,0.5728,0.04,-58.5561,12.920841134489626,11.403373960770205,0.0,0.0,0.0,0.0,0.0,0.0,0.0,0.0,0.0,0.0,0.0,0.0,0.0,0.0,0.0,0.0,0.0,0.0,3.0,5.0,6.40996e-314,12.5,0.0615821000056311,0.2432025478893513,-0.4096663836148629,2.0,0.794764,966.0,0.0043308314312584
29,29.0,29.0,29.0,29.0,29.0,29.0,19.0,67556.0,56.0,0.0364384299282065,0.005,0.001,0.00373428,0.005,0.001,0.00186714,0.002,0.0004,0.00224367,0.00224367,0.103592,0.0,0.691397,0.041841,0.008975,0.206192,36.9079,49.2118,26.5,1.67312,0.1,0.66928,0.04,-56.9206,8.821818606719871,6.993679547135017,0.0,0.0,0.0,0.0,0.0,0.0,0.0,0.0,0.0,0.0,0.0,0.0,0.0,0.0,0.0,0.0,0.0,0.0,3.0,5.0,6.41357e-314,12.0,0.3281578630577714,0.5546527958265636,0.8808266918053418,2.0,0.6234299999999999,676.0,0.0102580306997993
30,30.0,30.0,30.0,30.0,30.0,30.0,66.0,94494.0,94.0,0.0382706236297038,0.005,0.001,0.006000654,0.005,0.001,0.003000327,0.002,0.0004,0.00029766,0.00029766,0.127949,0.0,0.456384,0.028336,0.011368,0.236229,26.1818,19.6531,26.5,0.13808,0.1,0.0552,0.04,-58.023,14.101092774218223,13.24684775341907,0.0,0.0,0.0,0.0,0.0,0.0,0.0,0.0,0.0,0.0,0.0,0.0,0.0,0.0,0.0,0.0,0.0,0.0,3.0,5.0,6.40524e-314,17.5,0.5120054703775305,0.852356115540853,2.115766709662286,2.0,0.6438090000000001,945.0,0.0674162635089778
31,31.0,31.0,31.0,31.0,31.0,31.0,93.0,67077.0,77.0,0.0391667254595078,0.005,0.001,0.007079952,0.005,0.001,0.003539976,0.002,0.0004,0.00064449,0.00064449,0.162182,0.0,0.737567,0.015612,0.00871,0.133947,27.0416,28.0711,26.5,0.0264,0.1,0.01056,0.04,-58.7986,13.378632093610754,12.079308068917335,0.0,0.0,0.0,0.0,0.0,0.0,0.0,0.0,0.0,0.0,0.0,0.0,0.0,0.0,0.0,0.0,0.0,0.0,3.0,5.0,4.26944e-314,20.0,0.1809015514150355,1.2794282113154671,0.4401643955576274,1.0,0.352121,671.0,0.1031628296957113
32,32.0,32.0,32.0,32.0,32.0,32.0,168.0,22510.0,10.0,0.0354928276558445,0.005,0.001,0.009341772,0.005,0.001,0.004670886,0.002,0.0004,0.00028314,0.00028314,0.117755,0.0,0.784945,0.047659,0.004951,0.221608,42.3168,77.2786,26.5,1.93056,0.1,0.7723199999999998,0.04,-59.6367,14.47236765473097,13.899534487439114,0.0,0.0,0.0,0.0,0.0,0.0,0.0,0.0,0.0,0.0,0.0,0.0,0.0,0.0,0.0,0.0,0.0,0.0,3.0,5.0,1e-323,18.0,0.186832725330805,1.08509837977487,0.3470558812825028,3.0,0.276453,226.0,0.0102339257310967
33,33.0,33.0,33.0,33.0,33.0,33.0,180.0,124678.0,78.0,0.0384153582974286,0.005,0.001,0.007943694,0.005,0.001,0.003971847,0.002,0.0004,0.00043296,0.00043296,0.107439,0.0,0.7163,0.039062,0.006143,0.181688,40.9857,62.7941,26.5,0.14272,0.1,0.05712,0.04,-56.2396,14.010540081240098,13.093292068384075,0.0,0.0,0.0,0.0,0.0,0.0,0.0,0.0,0.0,0.0,0.0,0.0,0.0,0.0,0.0,0.0,0.0,0.0,3.0,5.0,6.4742e-314,15.5,0.1963284117764628,0.7335809276288251,0.7181443123102257,1.0,0.297461,1247.0,0.0234841943090343
34,34.0,34.0,34.0,34.0,34.0,34.0,163.0,29282.0,82.0,0.0358156087195463,0.005,0.001,0.001492194,0.005,0.001,0.000746097,0.002,0.0004,0.00055242,0.00055242,0.131414,0.0,0.907811,0.029565,0.008505,0.146514,40.2116,29.4384,26.5,0.10096,0.1,0.04032,0.04,-58.2404,10.22812007607063,8.230841262136755,0.0,0.0,0.0,0.0,0.0,0.0,0.0,0.0,0.0,0.0,0.0,0.0,0.0,0.0,0.0,0.0,0.0,0.0,3.0,5.0,6.47529e-314,17.0,0.1613452548061742,0.6255045953442887,0.3054190898036529,2.0,0.207413,293.0,0.2510448104607579
35,35.0,35.0,35.0,35.0,35.0,35.0,118.0,49621.0,21.0,0.0382568880219736,0.005,0.001,0.013180794,0.005,0.001,0.006590397,0.002,0.0004,0.00120186,0.00120186,0.099143,0.0,0.695115,0.049325,0.006956,0.192648,44.4965,72.4737,26.5,0.19792,0.1,0.0791999999999998,0.04,-56.0822,13.376145879081498,12.075509060060115,0.0,0.0,0.0,0.0,0.0,0.0,0.0,0.0,0.0,0.0,0.0,0.0,0.0,0.0,0.0,0.0,0.0,0.0,3.0,5.0,4.24508e-314,15.5,0.2193766124787931,1.3176124382734118,0.2980234214033905,1.0,0.186661,497.0,0.0223157449931729
36,36.0,36.0,36.0,36.0,36.0,36.0,24.0,131429.0,29.0,0.033668825573663,0.005,0.001,0.003049662,0.005,0.001,0.001524831,0.002,0.0004,0.00030129,0.00030129,0.174133,0.0,0.613193,0.042612,0.010218,0.180054,35.4052,49.2907,26.5,0.21696,0.1,0.0867199999999998,0.04,-57.8227,13.253448520316992,11.889796178081022,0.0,0.0,0.0,0.0,0.0,0.0,0.0,0.0,0.0,0.0,0.0,0.0,0.0,0.0,0.0,0.0,0.0,0.0,3.0,5.0,6.47828e-314,17.5,0.1927257565859081,0.9292536842707244,0.376335881712932,3.0,1.228409,1315.0,0.0288732647931685
37,37.0,37.0,37.0,37.0,37.0,37.0,100.0,51325.0,25.0,0.0333053040789162,0.005,0.001,0.000658812,0.005,0.001,0.000329406,0.002,0.0004,0.00072501,0.00072501,0.097294,0.0,0.836457,0.035442,0.00818,0.234311,47.1377,34.9947,26.5,1.70784,0.1,0.6832,0.04,-57.4764,7.200716483521412,5.820154620982203,0.0,0.0,0.0,0.0,0.0,0.0,0.0,0.0,0.0,0.0,0.0,0.0,0.0,0.0,0.0,0.0,0.0,0.0,3.0,5.0,4.24871e-314,17.5,0.071393661661821,0.9273051512233712,-0.2150871085656453,2.0,0.359348,514.0,1.4638934538368948
38,38.0,38.0,38.0,38.0,38.0,38.0,190.0,44100.0,0.0,0.0431930791365181,0.005,0.001,0.009926202,0.005,0.001,0.004963101,0.002,0.0004,0.00163449,0.00163449,0.129261,0.0,0.566293,0.051587,0.007175,0.221182,34.3363,58.2285,26.5,1.90208,0.1,0.7607999999999998,0.04,-56.8218,12.301646714199803,10.55997314693391,0.0,0.0,0.0,0.0,0.0,0.0,0.0,0.0,0.0,0.0,0.0,0.0,0.0,0.0,0.0,0.0,0.0,0.0,3.0,5.0,6.46758e-314,18.0,0.1390749749688081,1.38398715790221,-0.4544725203008993,1.0,0.210109,442.0,0.098451872204086
39,39.0,39.0,39.0,39.0,39.0,39.0,136.0,110112.0,12.0,0.0355794058035966,0.005,0.001,0.001941522,0.005,0.001,0.000970761,0.002,0.0004,0.00042339,0.00042339,0.082425,0.0,0.792463,0.033469,0.007038,0.20253,30.4112,65.3785,26.5,2.15776,0.1,0.8632,0.04,-55.7178,11.65188413080227,9.754093512917015,0.0,0.0,0.0,0.0,0.0,0.0,0.0,0.0,0.0,0.0,0.0,0.0,0.0,0.0,0.0,0.0,0.0,0.0,3.0,5.0,4.24872e-314,16.0,0.1615070143926313,1.073567328717819,-0.4329091246901124,1.0,0.347311,1102.0,0.0782184371885927
40,40.0,40.0,40.0,40.0,40.0,40.0,81.0,1184.0,84.0,0.0342747551305667,0.005,0.001,0.00135861,0.005,0.001,0.000679305,0.002,0.0004,0.00106689,0.00106689,0.106811,0.0,0.687243,0.038769,0.009482,0.169872,33.2987,49.8976,26.5,1.6134399999999998,0.1,0.64544,0.04,-55.2155,8.069236268926883,6.419621800913967,0.0,0.0,0.0,0.0,0.0,0.0,0.0,0.0,0.0,0.0,0.0,0.0,0.0,0.0,0.0,0.0,0.0,0.0,3.0,5.0,6.43431e-314,16.5,0.0982037041004295,1.294415931678317,-0.5877727899375956,1.0,0.103169,12.0,0.1832396903052286
41,41.0,41.0,41.0,41.0,41.0,41.0,142.0,11036.0,36.0,0.0370912236005585,0.005,0.001,0.008575182,0.005,0.001,0.004287591,0.002,0.0004,0.00076065,0.00076065,0.092138,0.0,0.48812,0.037992,0.010202,0.221315,33.6321,55.9541,26.5,0.17584,0.1,0.0704,0.04,-54.4206,13.41673709066113,12.137713834805625,0.0,0.0,0.0,0.0,0.0,0.0,0.0,0.0,0.0,0.0,0.0,0.0,0.0,0.0,0.0,0.0,0.0,0.0,3.0,5.0,6.47292e-314,19.5,0.0841342614124174,1.1241218673883706,-0.4139289723438618,3.0,0.27998,111.0,0.4347331881315661
42,42.0,42.0,42.0,42.0,42.0,42.0,106.0,99932.0,32.0,0.0435668773787825,0.005,0.001,0.006878058,0.005,0.001,0.003439029,0.002,0.0004,0.00032406,0.00032406,0.093152,0.0,0.986125,0.034571,0.007958,0.163289,66.2249,46.8559,26.5,2.00944,0.1,0.80368,0.04,-56.2852,14.147670414715082,13.32667567170994,0.0,0.0,0.0,0.0,0.0,0.0,0.0,0.0,0.0,0.0,0.0,0.0,0.0,0.0,0.0,0.0,0.0,0.0,3.0,5.0,4.11e-321,15.5,0.0667752753141813,0.5552429848276906,-0.4034642824436762,2.0,0.342194,1000.0,0.5631404994654995
43,43.0,43.0,43.0,43.0,43.0,43.0,131.0,16262.0,62.0,0.0374851361185453,0.005,0.001,0.004461402,0.005,0.001,0.002230701,0.002,0.0004,0.0003036,0.0003036,0.129576,0.0,0.524557,0.039445,0.00746,0.180893,39.5662,58.3178,26.5,0.2319999999999998,0.1,0.0928,0.04,-59.2568,13.767530249892353,12.691667264739095,0.0,0.0,0.0,0.0,0.0,0.0,0.0,0.0,0.0,0.0,0.0,0.0,0.0,0.0,0.0,0.0,0.0,0.0,3.0,5.0,0.0,18.5,0.1166896498719792,1.3687815557299334,-0.1260427033785496,2.0,0.271155,163.0,0.3466776054350446
44,44.0,44.0,44.0,44.0,44.0,44.0,123.0,9658.0,58.0,0.0346944430473393,0.005,0.001,0.004171464,0.005,0.001,0.002085732,0.002,0.0004,0.00033066,0.00033066,0.116151,0.0,0.749028,0.020997,0.008858,0.191377,25.8911,44.1843,26.5,0.1318399999999998,0.1,0.0526399999999998,0.04,-59.893,13.574170529050724,12.38265069125738,0.0,0.0,0.0,0.0,0.0,0.0,0.0,0.0,0.0,0.0,0.0,0.0,0.0,0.0,0.0,0.0,0.0,0.0,3.0,5.0,6.4364e-314,17.5,0.2198588038141154,1.1507983509986923,0.1245045393917624,3.0,0.236863,97.0,0.0175716251216128
45,45.0,45.0,45.0,45.0,45.0,45.0,187.0,42285.0,85.0,0.0417451135899427,0.005,0.001,0.006700452,0.005,0.001,0.003350226,0.002,0.0004,0.00270996,0.00270996,0.120409,0.0,0.550586,0.035168,0.010013,0.195592,34.2645,50.3608,26.5,0.14608,0.1,0.0583999999999998,0.04,-57.9142,9.973284695937748,7.988861060364035,0.0,0.0,0.0,0.0,0.0,0.0,0.0,0.0,0.0,0.0,0.0,0.0,0.0,0.0,0.0,0.0,0.0,0.0,3.0,5.0,4.25115e-314,17.0,0.2285255985251476,0.8978675561750065,0.1419893549225316,2.0,0.485426,423.0,0.0101258717963971
46,46.0,46.0,46.0,46.0,46.0,46.0,251.0,22848.0,48.0,0.0385717803221586,0.005,0.001,0.003511134,0.005,0.001,0.001755567,0.002,0.0004,0.00048213,0.00048213,0.095252,0.0,0.213598,0.033867,0.007403,0.214067,34.5174,63.0115,26.5,0.20128,0.1,0.08048,0.04,-56.4925,12.674421860827723,11.058370763080358,0.0,0.0,0.0,0.0,0.0,0.0,0.0,0.0,0.0,0.0,0.0,0.0,0.0,0.0,0.0,0.0,0.0,0.0,3.0,5.0,1.47234e-21,20.0,0.251690253962964,1.0956357230866915,0.6935570852055487,3.0,0.334678,229.0,0.0184300069927643
47,47.0,47.0,47.0,47.0,47.0,47.0,35.0,130003.0,3.0,0.0358793920772447,0.005,0.001,0.006014316,0.005,0.001,0.003007158,0.002,0.0004,0.00109659,0.00109659,0.185947,0.0,0.871615,0.072568,0.006097,0.144292,50.1,51.7833,26.5,0.2895999999999998,0.1,0.11584,0.04,-56.2301,12.0759498999845,10.2713105408625,0.0,0.0,0.0,0.0,0.0,0.0,0.0,0.0,0.0,0.0,0.0,0.0,0.0,0.0,0.0,0.0,0.0,0.0,3.0,5.0,0.0,23.0,0.0840764170713814,1.0000627811570215,-0.2432342527365462,1.0,0.336105,1301.0,1.0859205236456748
48,48.0,48.0,48.0,48.0,48.0,48.0,128.0,124878.0,78.0,0.0382026480577358,0.005,0.001,0.00404547,0.005,0.001,0.002022735,0.002,0.0004,0.00189222,0.00189222,0.169488,0.0,0.594495,0.032391,0.009727,0.153913,46.4557,69.6188,26.5,0.22016,0.1,0.088,0.04,-58.7443,9.550079673806403,7.6051546829656,0.0,0.0,0.0,0.0,0.0,0.0,0.0,0.0,0.0,0.0,0.0,0.0,0.0,0.0,0.0,0.0,0.0,0.0,3.0,5.0,6.48168e-314,23.0,0.3094382419944905,1.555894842891368,0.6155555149094158,2.0,0.7863410000000001,1249.0,0.1363390656939436
49,49.0,49.0,49.0,49.0,49.0,49.0,69.0,126973.0,73.0,0.0320699588801312,0.005,0.001,0.002172258,0.005,0.001,0.001086129,0.002,0.0004,0.00041151,0.00041151,0.159545,0.0,0.657084,0.008528,0.007967,0.064433,36.1952,23.9494,26.5,1.78928,0.1,0.71568,0.04,-57.9319,11.988243673542652,10.16169452156009,0.0,0.0,0.0,0.0,0.0,0.0,0.0,0.0,0.0,0.0,0.0,0.0,0.0,0.0,0.0,0.0,0.0,0.0,3.0,5.0,2.57187e-315,22.0,0.1832637278818579,1.1941834144076922,0.1240305483492059,1.0,0.462305,1270.0,0.0297515993317533
50,50.0,50.0,50.0,50.0,50.0,50.0,42.0,59725.0,25.0,0.0373944450836777,0.005,0.001,0.006363456,0.005,0.001,0.003181728,0.002,0.0004,0.00019833,0.00019833,0.134088,0.0,0.492508,0.040485,0.007895,0.16807,59.1693,39.5836,26.5,2.056,0.1,0.8223999999999998,0.04,-58.2088,14.455344998835226,13.86877499613115,0.0,0.0,0.0,0.0,0.0,0.0,0.0,0.0,0.0,0.0,0.0,0.0,0.0,0.0,0.0,0.0,0.0,0.0,3.0,5.0,4.27935e-314,23.5,0.131857188205383,1.0738652342472674,0.2709895492827482,2.0,0.506871,598.0,0.079956399481668
51,51.0,51.0,51.0,51.0,51.0,51.0,115.0,51217.0,17.0,0.0389399951666328,0.005,0.001,0.0104954519999999,0.005,0.001,0.0052477259999999,0.002,0.0004,0.00207966,0.00207966,0.131418,0.0,0.474072,0.036197,0.013643,0.24902,44.0942,50.6271,26.5,0.1736,0.1,0.06944,0.04,-54.881,11.883117977333681,10.032148878996399,0.0,0.0,0.0,0.0,0.0,0.0,0.0,0.0,0.0,0.0,0.0,0.0,0.0,0.0,0.0,0.0,0.0,0.0,3.0,5.0,0.0,23.5,0.0860290507424543,1.4808446800429629,-0.182551040802524,1.0,0.094694,513.0,0.765405861579642
52,52.0,52.0,52.0,52.0,52.0,52.0,240.0,65085.0,85.0,0.0315747603072288,0.005,0.001,0.004626864,0.005,0.001,0.002313432,0.002,0.0004,0.00124905,0.00124905,0.139965,0.0,0.469438,0.039782,0.007304,0.158764,37.1456,53.5085,26.5,0.212,0.1,0.0848,0.04,-56.4363,11.104183756199372,9.131408882109024,0.0,0.0,0.0,0.0,0.0,0.0,0.0,0.0,0.0,0.0,0.0,0.0,0.0,0.0,0.0,0.0,0.0,0.0,3.0,5.0,4.2481e-314,21.5,0.2722272051275883,1.047704028535145,0.8072356206235789,1.0,0.146926,651.0,0.0873895049172111
53,53.0,53.0,53.0,53.0,53.0,53.0,145.0,121863.0,63.0,0.0363773614053678,0.005,0.001,0.008596434,0.005,0.001,0.004298217,0.002,0.0004,0.00230109,0.00230109,0.139148,0.0,0.173453,0.016026,0.013074,0.21531,32.8033,42.4009,26.5,0.2352,0.1,0.09408,0.04,-57.1115,11.126698979793842,9.15605420052096,0.0,0.0,0.0,0.0,0.0,0.0,0.0,0.0,0.0,0.0,0.0,0.0,0.0,0.0,0.0,0.0,0.0,0.0,3.0,5.0,6.41624e-314,21.5,0.2796753797018735,1.752344949732385,0.9157010376050116,1.0,0.570156,1219.0,0.1035811201130173
54,54.0,54.0,54.0,54.0,54.0,54.0,77.0,29722.0,22.0,0.0371109568958222,0.005,0.001,0.01005675,0.005,0.001,0.005028375,0.002,0.0004,0.00205788,0.00205788,0.14402,0.0,0.915847,0.04759,0.008535,0.17441,42.1053,59.6534,26.5,3.6872,0.1,1.4748800000000002,0.04,-57.4789,11.806548097885718,9.939036363454377,0.0,0.0,0.0,0.0,0.0,0.0,0.0,0.0,0.0,0.0,0.0,0.0,0.0,0.0,0.0,0.0,0.0,0.0,3.0,5.0,6.40273e-314,21.0,0.0683089680562491,1.0770757018416477,0.0059501599046557,0.0,0.0,298.0,0.7640808248491099
55,55.0,55.0,55.0,55.0,55.0,55.0,179.0,8905.0,5.0,0.0429138148692357,0.005,0.001,0.001985544,0.005,0.001,0.000992772,0.002,0.0004,0.00069894,0.00069894,0.15915,0.0,0.754488,0.042257,0.010832,0.207565,36.1099,31.8954,26.5,1.49424,0.1,0.59776,0.04,-58.1384,10.371881920218737,8.371154530411255,0.0,0.0,0.0,0.0,0.0,0.0,0.0,0.0,0.0,0.0,0.0,0.0,0.0,0.0,0.0,0.0,0.0,0.0,3.0,5.0,0.0,22.0,0.093267744787261,1.5697864394359275,-0.2815076898925405,3.0,0.246614,90.0,0.014005852540777
56,56.0,56.0,56.0,56.0,56.0,56.0,162.0,88869.0,69.0,0.0362651451184566,0.005,0.001,0.010346688,0.005,0.001,0.005173344,0.002,0.0004,0.00142197,0.00142197,0.143927,0.0,0.69664,0.052407,0.011052,0.198369,49.9364,31.6461,26.5,0.27824,0.1,0.1112,0.04,-56.9479,12.672751986382657,11.056075952167818,0.0,0.0,0.0,0.0,0.0,0.0,0.0,0.0,0.0,0.0,0.0,0.0,0.0,0.0,0.0,0.0,0.0,0.0,3.0,5.0,6.47851e-314,20.5,0.2290948841361173,1.29957384052861,0.300985533977597,1.0,0.225382,889.0,0.1593850824098989
57,57.0,57.0,57.0,57.0,57.0,57.0,209.0,86387.0,87.0,0.0326367343712481,0.005,0.001,0.007462488,0.005,0.001,0.003731244,0.002,0.0004,0.00031647,0.00031647,0.06088,0.0,0.521725,0.016863,0.006708,0.228678,29.8482,39.9171,26.5,1.0624,0.1,0.42496,0.04,-55.7884,14.23678638407748,13.481027370678023,0.0,0.0,0.0,0.0,0.0,0.0,0.0,0.0,0.0,0.0,0.0,0.0,0.0,0.0,0.0,0.0,0.0,0.0,3.0,5.0,6.47379e-314,20.5,0.2062266696844228,1.120472687853871,0.3243734140710773,2.0,0.731506,864.0,0.473806205965352
58,58.0,58.0,58.0,58.0,58.0,58.0,8.0,55864.0,64.0,0.0371990049763718,0.005,0.001,0.007875384,0.005,0.001,0.003937692,0.002,0.0004,0.00075108,0.00075108,0.137742,0.0,0.832509,0.046036,0.010998,0.233996,50.7487,26.948,26.5,0.108,0.1,0.0432,0.04,-57.7783,13.308281559848474,11.972363065149231,0.0,0.0,0.0,0.0,0.0,0.0,0.0,0.0,0.0,0.0,0.0,0.0,0.0,0.0,0.0,0.0,0.0,0.0,3.0,5.0,3.14384e-319,20.5,0.0922934771277733,1.5487585343183266,-0.3803883647754881,1.0,0.051684,559.0,0.0967982720735833
59,59.0,59.0,59.0,59.0,59.0,59.0,212.0,62063.0,63.0,0.0346671647234307,0.005,0.001,0.005924754,0.005,0.001,0.002962377,0.002,0.0004,0.00067881,0.00067881,0.083783,0.0,0.909076,0.022494,0.001273,0.148739,30.1808,29.1558,26.5,0.16304,0.1,0.06512,0.04,-56.528,13.008108573105366,11.528645946290801,0.0,0.0,0.0,0.0,0.0,0.0,0.0,0.0,0.0,0.0,0.0,0.0,0.0,0.0,0.0,0.0,0.0,0.0,3.0,5.0,6.40951e-314,20.5,0.100988636438352,1.291532829213416,0.4635315614324083,2.0,0.283916,621.0,0.0175492678187006
60,60.0,60.0,60.0,60.0,60.0,60.0,105.0,87511.0,11.0,0.0394470962201822,0.005,0.001,0.003928584,0.005,0.001,0.001964292,0.002,0.0004,0.0016071,0.0016071,0.136756,0.0,0.745598,0.035816,0.009356,0.215105,38.6305,71.1699,26.5,1.72384,0.1,0.6896,0.04,-60.4902,9.940274774545202,7.958131178836524,0.0,0.0,0.0,0.0,0.0,0.0,0.0,0.0,0.0,0.0,0.0,0.0,0.0,0.0,0.0,0.0,0.0,0.0,3.0,5.0,4.24399e-314,20.5,0.1059950941046575,1.4697839229434122,-0.1948535898586151,1.0,0.296897,876.0,0.7189671490631966
61,61.0,61.0,61.0,61.0,61.0,61.0,68.0,25071.0,71.0,0.0383922114921227,0.005,0.001,0.0037206179999999,0.005,0.001,0.0018603089999999,0.002,0.0004,0.00040095,0.00040095,0.121234,0.0,0.292935,0.042984,0.00681,0.248675,36.0381,50.1936,26.5,0.12176,0.1,0.04864,0.04,-59.0632,13.112515945520133,11.680702653941243,0.0,0.0,0.0,0.0,0.0,0.0,0.0,0.0,0.0,0.0,0.0,0.0,0.0,0.0,0.0,0.0,0.0,0.0,3.0,5.0,4.26177e-314,21.0,0.0843589825832732,1.4448266811142387,-0.1594567224895845,1.0,0.051963,251.0,0.2560936013768364
62,62.0,62.0,62.0,62.0,62.0,62.0,159.0,32184.0,84.0,0.0418122381400872,0.005,0.001,0.004862154,0.005,0.001,0.002431077,0.002,0.0004,0.0019173,0.0019173,0.171875,0.0,0.723179,0.052309,0.007175,0.148156,62.1396,47.1836,26.5,2.53696,0.1,1.01472,0.04,-57.753,10.046515245230463,8.05753153768736,0.0,0.0,0.0,0.0,0.0,0.0,0.0,0.0,0.0,0.0,0.0,0.0,0.0,0.0,0.0,0.0,0.0,0.0,3.0,5.0,6.44503e-314,20.5,0.1199717598802492,1.216302418346684,0.2043567582201028,1.0,0.167934,322.0,0.0645137563559439
63,63.0,63.0,63.0,63.0,63.0,63.0,94.0,54745.0,45.0,0.0356195923687976,0.005,0.001,0.009197562,0.005,0.001,0.004598781,0.002,0.0004,0.0012408,0.0012408,0.109628,0.0,0.688839,0.046144,0.007535,0.267334,26.1469,49.9286,26.5,1.0273599999999998,0.1,0.41088,0.04,-57.5881,12.708710420484415,11.10561826849662,0.0,0.0,0.0,0.0,0.0,0.0,0.0,0.0,0.0,0.0,0.0,0.0,0.0,0.0,0.0,0.0,0.0,0.0,3.0,5.0,0.0,20.5,0.1727520956676436,1.2322270814246383,0.3612935028005978,2.0,0.337206,548.0,0.0374540195345945
64,64.0,64.0,64.0,64.0,64.0,64.0,111.0,61528.0,28.0,0.0340513131732978,0.005,0.001,0.00460713,0.005,0.001,0.002303565,0.002,0.0004,0.00034815,0.00034815,0.145005,0.0,0.635799,0.020523,0.010041,0.22912,38.5898,42.7146,26.5,0.84464,0.1,0.33776,0.04,-59.3354,13.637181953009152,12.482347756402973,0.0,0.0,0.0,0.0,0.0,0.0,0.0,0.0,0.0,0.0,0.0,0.0,0.0,0.0,0.0,0.0,0.0,0.0,3.0,5.0,4.82e-321,21.0,0.3058831061882089,0.8867815666990747,0.673371669790429,3.0,0.656038,616.0,0.020218993987553
65,65.0,65.0,65.0,65.0,65.0,65.0,49.0,50855.0,55.0,0.041538381112616,0.005,0.001,0.004807506,0.005,0.001,0.002403753,0.002,0.0004,0.00177144,0.00177144,0.106795,0.0,0.54897,0.017532,0.005348,0.180453,23.4296,54.5303,26.5,0.11488,0.1,0.0459199999999998,0.04,-57.0163,10.241553349482292,8.243834256835845,0.0,0.0,0.0,0.0,0.0,0.0,0.0,0.0,0.0,0.0,0.0,0.0,0.0,0.0,0.0,0.0,0.0,0.0,3.0,5.0,6.41154e-314,28.0,0.1790166107367496,1.759988187601169,0.2169371314922013,2.0,0.320767,509.0,0.288368635092686
66,66.0,66.0,66.0,66.0,66.0,66.0,157.0,61711.0,11.0,0.0351217902215549,0.005,0.001,0.004985112,0.005,0.001,0.002492556,0.002,0.0004,0.00103191,0.00103191,0.074846,0.0,0.45652,0.039964,0.000834,0.256725,46.8629,32.5446,26.5,2.14224,0.1,0.8569599999999998,0.04,-57.2308,11.77885343999518,9.905613432321541,0.0,0.0,0.0,0.0,0.0,0.0,0.0,0.0,0.0,0.0,0.0,0.0,0.0,0.0,0.0,0.0,0.0,0.0,3.0,5.0,4.26057e-314,26.5,0.246789039136645,1.428812675165071,0.8387447792708133,2.0,0.550327,618.0,0.1151274858093365
67,67.0,67.0,67.0,67.0,67.0,67.0,247.0,19494.0,94.0,0.0358535067270697,0.005,0.001,0.00881199,0.005,0.001,0.004405995,0.002,0.0004,0.00164967,0.00164967,0.110924,0.0,1.002,0.028103,0.006163,0.176766,32.7106,50.2881,26.5,0.16528,0.1,0.06608,0.04,-54.7026,12.015586773088433,10.195717081178236,0.0,0.0,0.0,0.0,0.0,0.0,0.0,0.0,0.0,0.0,0.0,0.0,0.0,0.0,0.0,0.0,0.0,0.0,3.0,5.0,6.40323e-314,30.0,0.1474671403596782,2.2094224306467902,0.2321378300294822,1.0,0.106308,195.0,0.0506694091133125
68,68.0,68.0,68.0,68.0,68.0,68.0,173.0,97522.0,22.0,0.0426212991812693,0.005,0.001,0.00502458,0.005,0.001,0.00251229,0.002,0.0004,0.00262482,0.00262482,0.139778,0.0,0.632139,0.022363,0.006718,0.175432,37.5578,60.8301,26.5,1.34816,0.1,0.5392,0.04,-58.9984,9.22745962930711,7.326989433530182,0.0,0.0,0.0,0.0,0.0,0.0,0.0,0.0,0.0,0.0,0.0,0.0,0.0,0.0,0.0,0.0,0.0,0.0,3.0,5.0,6.43661e-314,29.0,0.2391638606107662,2.043736652343504,0.4819594231784854,2.0,0.686975,976.0,0.6997135356217953
69,69.0,69.0,69.0,69.0,69.0,69.0,17.0,76823.0,23.0,0.0351291398978757,0.005,0.001,0.007864758,0.005,0.001,0.003932379,0.002,0.0004,0.00157971,0.00157971,0.126078,0.0,0.5365,0.03487,0.009586,0.217772,26.194,39.7631,26.5,0.14208,0.1,0.0568,0.04,-55.4957,11.850912965752286,9.992859362531805,0.0,0.0,0.0,0.0,0.0,0.0,0.0,0.0,0.0,0.0,0.0,0.0,0.0,0.0,0.0,0.0,0.0,0.0,3.0,5.0,6.4793e-314,27.0,0.166341959871714,2.418301553479031,0.0517373814193381,2.0,0.557281,769.0,0.6829393621507238
70,70.0,70.0,70.0,70.0,70.0,70.0,113.0,25784.0,84.0,0.0387970715084531,0.005,0.001,0.001929378,0.005,0.001,0.000964689,0.002,0.0004,0.00028974,0.00028974,0.101337,0.0,0.700425,0.033353,0.002753,0.179312,41.9934,36.1814,26.5,2.65536,0.1,1.06224,0.04,-58.6638,12.495475356680855,10.815675368962081,0.0,0.0,0.0,0.0,0.0,0.0,0.0,0.0,0.0,0.0,0.0,0.0,0.0,0.0,0.0,0.0,0.0,0.0,3.0,5.0,6.43462e-314,27.0,0.0492810840664087,1.4301714666539815,-0.121592938178876,1.0,0.07176,258.0,0.7901667969558474
71,71.0,71.0,71.0,71.0,71.0,71.0,208.0,84325.0,25.0,0.0385713891482255,0.005,0.001,0.00378741,0.005,0.001,0.001893705,0.002,0.0004,0.00073887,0.00073887,0.113012,0.0,0.877537,0.044425,0.006709,0.186506,45.7273,70.4881,26.5,2.22944,0.1,0.89184,0.04,-55.991,11.919797838415475,10.077123234389585,0.0,0.0,0.0,0.0,0.0,0.0,0.0,0.0,0.0,0.0,0.0,0.0,0.0,0.0,0.0,0.0,0.0,0.0,3.0,5.0,4.26331e-314,26.5,0.1866189557998115,1.7388613415250598,0.0801950282348991,1.0,0.351811,844.0,0.0199308644503252
72,72.0,72.0,72.0,72.0,72.0,72.0,13.0,84656.0,56.0,0.0353310359124096,0.005,0.001,0.008711802,0.005,0.001,0.004355901,0.002,0.0004,0.00064119,0.00064119,0.107105,0.0,0.673192,0.034349,0.007232,0.236506,44.8273,53.3471,26.5,0.0704,0.1,0.0281599999999998,0.04,-57.8994,13.670996249882167,12.53624694547864,0.0,0.0,0.0,0.0,0.0,0.0,0.0,0.0,0.0,0.0,0.0,0.0,0.0,0.0,0.0,0.0,0.0,0.0,3.0,5.0,6.44903e-314,25.5,0.1776112049109187,1.229438922232962,0.283785196723573,2.0,0.836254,847.0,0.0570910498305433
73,73.0,73.0,73.0,73.0,73.0,73.0,79.0,20578.0,78.0,0.0353171080610042,0.005,0.001,0.005127804,0.005,0.001,0.002563902,0.002,0.0004,0.00062766,0.00062766,0.130156,0.0,0.513414,0.032261,0.008408,0.211527,40.9378,29.8863,26.5,1.27808,0.1,0.5112,0.04,-54.6045,12.890630368975867,11.360388197487802,0.0,0.0,0.0,0.0,0.0,0.0,0.0,0.0,0.0,0.0,0.0,0.0,0.0,0.0,0.0,0.0,0.0,0.0,3.0,5.0,6.48101e-314,32.5,0.1368009224976859,2.4530725439727017,-0.0876444544208026,1.0,0.087791,206.0,0.5136713742257065
74,74.0,74.0,74.0,74.0,74.0,74.0,170.0,129322.0,22.0,0.0332114484870737,0.005,0.001,0.001788204,0.005,0.001,0.000894102,0.002,0.0004,0.00282018,0.00282018,0.164806,0.0,0.81262,0.031257,0.00352,0.146283,48.0722,14.7477,26.5,1.62448,0.1,0.64976,0.04,-57.6224,6.411396632860345,5.325079610301477,0.0,0.0,0.0,0.0,0.0,0.0,0.0,0.0,0.0,0.0,0.0,0.0,0.0,0.0,0.0,0.0,0.0,0.0,3.0,5.0,6.4397e-314,33.0,0.2392572345372156,1.7880061439552613,0.5703740513712177,1.0,0.477559,1294.0,0.479386190081753
75,75.0,75.0,75.0,75.0,75.0,75.0,20.0,18751.0,51.0,0.0380347774688223,0.005,0.001,0.003553638,0.005,0.001,0.001776819,0.002,0.0004,0.00038016,0.00038016,0.065718,0.0,0.840123,0.019278,0.006189,0.244279,33.9161,13.0703,26.5,1.34544,0.1,0.5382399999999998,0.04,-56.5286,13.12472131555958,11.698635255380275,0.0,0.0,0.0,0.0,0.0,0.0,0.0,0.0,0.0,0.0,0.0,0.0,0.0,0.0,0.0,0.0,0.0,0.0,3.0,5.0,4.28012e-314,31.0,0.0733808472696326,1.988699581376193,-0.3642063157096676,3.0,0.2505469999999999,188.0,0.9163608538038144
76,76.0,76.0,76.0,76.0,76.0,76.0,166.0,51980.0,80.0,0.0388497480221987,0.005,0.001,0.006700452,0.005,0.001,0.003350226,0.002,0.0004,0.00270996,0.00270996,0.196372,0.0,0.575872,0.013695,0.010534,0.160107,38.4698,37.9965,26.5,1.52208,0.1,0.6088,0.04,-56.9007,9.973284695937748,7.988861060364035,0.0,0.0,0.0,0.0,0.0,0.0,0.0,0.0,0.0,0.0,0.0,0.0,0.0,0.0,0.0,0.0,0.0,0.0,3.0,5.0,6.41562e-314,34.0,0.2193173796987001,2.2896127502346566,0.4425806991778069,1.0,0.244489,520.0,0.7028364787261204
77,77.0,77.0,77.0,77.0,77.0,77.0,133.0,16929.0,29.0,0.0420843948649933,0.005,0.001,0.003413982,0.005,0.001,0.001706991,0.002,0.0004,0.00028545,0.00028545,0.150022,0.0,0.826401,0.048194,0.005129,0.206697,42.8819,25.4254,26.5,1.93136,0.1,0.7724799999999998,0.04,-58.1414,13.501101689574632,12.268237216320014,0.0,0.0,0.0,0.0,0.0,0.0,0.0,0.0,0.0,0.0,0.0,0.0,0.0,0.0,0.0,0.0,0.0,0.0,3.0,5.0,6.43667e-314,32.0,0.1451101826034929,2.027685076413781,0.1666253883008864,1.0,0.09208,170.0,0.6370641599813553
78,78.0,78.0,78.0,78.0,78.0,78.0,140.0,50749.0,49.0,0.0408485730417658,0.005,0.001,0.001985544,0.005,0.001,0.000992772,0.002,0.0004,0.00069894,0.00069894,0.146239,0.0,0.396148,0.027222,0.006024,0.213916,50.1423,36.0498,26.5,1.78976,0.1,0.7158399999999998,0.04,-59.2791,10.371881920218737,8.371154530411255,0.0,0.0,0.0,0.0,0.0,0.0,0.0,0.0,0.0,0.0,0.0,0.0,0.0,0.0,0.0,0.0,0.0,0.0,3.0,5.0,6.48367e-314,30.5,0.075125769748273,2.430653929119346,-0.2180697552360681,2.0,0.482802,508.0,0.0793453743626088
79,79.0,79.0,79.0,79.0,79.0,79.0,205.0,121032.0,32.0,0.0394529491410982,0.005,0.001,0.00382536,0.005,0.001,0.00191268,0.002,0.0004,0.00094347,0.00094347,0.120098,0.0,1.22646,0.020249,0.008393,0.208448,45.699,57.0971,26.5,0.0819199999999998,0.1,0.0327999999999998,0.04,-58.6167,11.341187244186512,9.39485464678095,0.0,0.0,0.0,0.0,0.0,0.0,0.0,0.0,0.0,0.0,0.0,0.0,0.0,0.0,0.0,0.0,0.0,0.0,3.0,5.0,4.11e-321,30.5,0.2213258826437467,2.609907186267648,0.2769782658408919,3.0,1.128434,1211.0,0.2325026466536214
80,80.0,80.0,80.0,80.0,80.0,80.0,99.0,93708.0,8.0,0.0359654374113621,0.005,0.001,0.002103948,0.005,0.001,0.001051974,0.002,0.0004,0.00224466,0.00224466,0.140549,0.0,0.584407,0.024945,0.006876,0.206136,49.0341,44.5112,26.5,1.46432,0.1,0.58576,0.04,-57.4807,7.275765840538217,5.8695519871071005,0.0,0.0,0.0,0.0,0.0,0.0,0.0,0.0,0.0,0.0,0.0,0.0,0.0,0.0,0.0,0.0,0.0,0.0,3.0,5.0,0.0,32.0,0.3154373125617935,2.395574695419638,0.8845138966676257,1.0,0.482783,938.0,0.7220315833329639
81,81.0,81.0,81.0,81.0,81.0,81.0,194.0,99415.0,15.0,0.0391733164727817,0.005,0.001,0.006667056,0.005,0.001,0.003333528,0.002,0.0004,0.0003507899999999,0.0003507899999999,0.129073,0.0,0.726824,0.045847,0.003711,0.183075,56.2391,66.5151,26.5,0.1416,0.1,0.0566399999999998,0.04,-54.7356,14.045268977936043,13.151929546772756,0.0,0.0,0.0,0.0,0.0,0.0,0.0,0.0,0.0,0.0,0.0,0.0,0.0,0.0,0.0,0.0,0.0,0.0,3.0,5.0,0.0,32.0,0.2325673658268328,1.92399400262828,2.23208251074186,2.0,0.356736,995.0,0.2906389407158214
82,82.0,82.0,82.0,82.0,82.0,82.0,75.0,93708.0,8.0,0.0375706419432626,0.005,0.001,0.009892806,0.005,0.001,0.004946403,0.002,0.0004,0.00197307,0.00197307,0.140549,0.0,0.584407,0.024945,0.006876,0.206136,49.0341,44.5112,26.5,1.46432,0.1,0.58576,0.04,-57.4807,11.86768742738349,10.013300853216544,0.0,0.0,0.0,0.0,0.0,0.0,0.0,0.0,0.0,0.0,0.0,0.0,0.0,0.0,0.0,0.0,0.0,0.0,3.0,5.0,0.0,32.0,0.3154373125617935,2.395574695419638,0.8845138966676257,1.0,0.482783,938.0,0.7220315833329639
83,83.0,83.0,83.0,83.0,83.0,83.0,126.0,20957.0,57.0,0.0394761172777523,0.005,0.001,0.004396128,0.005,0.001,0.002198064,0.002,0.0004,0.00100848,0.00100848,0.163532,0.0,0.543443,0.021925,0.00766,0.236267,39.4812,49.9505,26.5,1.6324800000000002,0.1,0.65296,0.04,-58.8598,11.525815576713786,9.606383336267005,0.0,0.0,0.0,0.0,0.0,0.0,0.0,0.0,0.0,0.0,0.0,0.0,0.0,0.0,0.0,0.0,0.0,0.0,3.0,5.0,4.27993e-314,38.5,0.1547287809305919,2.9008020426940746,0.2174146481480354,3.0,0.285126,210.0,0.7638550149838144
84,84.0,84.0,84.0,84.0,84.0,84.0,21.0,25443.0,43.0,0.0402959320767185,0.005,0.001,0.006245052,0.005,0.001,0.003122526,0.002,0.0004,0.00037455,0.00037455,0.225372,0.0,0.442529,0.02834,0.00633,0.091962,48.5021,66.1755,26.5,0.06416,0.1,0.0256,0.04,-55.4764,13.91109664705286,12.927119329079995,0.0,0.0,0.0,0.0,0.0,0.0,0.0,0.0,0.0,0.0,0.0,0.0,0.0,0.0,0.0,0.0,0.0,0.0,3.0,5.0,0.0,38.5,0.083824713697274,1.83541645798687,0.2693474609161878,1.0,0.094269,255.0,0.1099918947720538
85,85.0,85.0,85.0,85.0,85.0,85.0,92.0,98260.0,60.0,0.042987247329029,0.005,0.001,0.00919908,0.005,0.001,0.00459954,0.002,0.0004,0.00086394,0.00086394,0.090407,0.0,0.889266,0.026719,0.003723,0.269015,50.2658,72.3061,26.5,0.2471999999999998,0.1,0.09888,0.04,-55.8078,13.331754142454303,12.007918417107568,0.0,0.0,0.0,0.0,0.0,0.0,0.0,0.0,0.0,0.0,0.0,0.0,0.0,0.0,0.0,0.0,0.0,0.0,3.0,5.0,6.40094e-314,40.0,0.0474101922966861,2.64607800752951,-0.2958752090135102,2.0,0.62305,983.0,0.5183271032206931
86,86.0,86.0,86.0,86.0,86.0,86.0,119.0,88466.0,66.0,0.0331997996395048,0.005,0.001,0.00859188,0.005,0.001,0.00429594,0.002,0.0004,0.0002343,0.0002343,0.164476,0.0,0.492293,0.063415,0.003637,0.233065,33.9976,32.4784,26.5,0.26592,0.1,0.1064,0.04,-55.2139,14.533060809499986,14.009875294539691,0.0,0.0,0.0,0.0,0.0,0.0,0.0,0.0,0.0,0.0,0.0,0.0,0.0,0.0,0.0,0.0,0.0,0.0,3.0,5.0,6.40561e-314,36.0,0.1802158988136002,3.503872718068504,0.4963085037336134,1.0,0.389319,885.0,0.9300363819758576
87,87.0,87.0,87.0,87.0,87.0,87.0,98.0,30834.0,34.0,0.0365876746409455,0.005,0.001,0.0013844159999999,0.005,0.001,0.0006922079999999,0.002,0.0004,0.00184998,0.00184998,0.161999,0.0,0.533261,0.017662,0.006696,0.267969,48.4125,47.0551,26.5,0.0648,0.1,0.02592,0.04,-57.7648,6.755669034172633,5.535734502282031,0.0,0.0,0.0,0.0,0.0,0.0,0.0,0.0,0.0,0.0,0.0,0.0,0.0,0.0,0.0,0.0,0.0,0.0,3.0,5.0,6.47436e-314,43.5,0.0595513429711684,3.1161714535005176,-0.2500089866592993,3.0,0.326999,309.0,1.593704645053729
88,88.0,88.0,88.0,88.0,88.0,88.0,213.0,95852.0,52.0,0.0381364301920142,0.005,0.001,0.004397646,0.005,0.001,0.002198823,0.002,0.0004,0.0017259,0.0017259,0.14785,0.0,1.42988,0.011452,0.003936,0.176148,60.2873,48.6699,26.5,0.06672,0.1,0.02672,0.04,-57.8802,10.060249987337773,8.070488024287078,0.0,0.0,0.0,0.0,0.0,0.0,0.0,0.0,0.0,0.0,0.0,0.0,0.0,0.0,0.0,0.0,0.0,0.0,3.0,5.0,6.4145e-314,40.5,0.2238928835907213,3.292203562395338,0.6560812727279477,2.0,0.491775,959.0,0.8738708289591678
89,89.0,89.0,89.0,89.0,89.0,89.0,7.0,30834.0,34.0,0.0352630122524626,0.005,0.001,0.006579012,0.005,0.001,0.003289506,0.002,0.0004,0.00068475,0.00068475,0.161999,0.0,0.533261,0.017662,0.006696,0.267969,48.4125,47.0551,26.5,0.0648,0.1,0.02592,0.04,-57.7648,13.16991932952723,11.765330792916668,0.0,0.0,0.0,0.0,0.0,0.0,0.0,0.0,0.0,0.0,0.0,0.0,0.0,0.0,0.0,0.0,0.0,0.0,3.0,5.0,6.47436e-314,43.5,0.0595513429711684,3.1161714535005176,-0.2500089866592993,3.0,0.326999,309.0,3.974983415489596
90,90.0,90.0,90.0,90.0,90.0,90.0,43.0,22936.0,36.0,0.0362497964101005,0.005,0.001,0.008784666,0.005,0.001,0.004392333,0.002,0.0004,0.00125169,0.00125169,0.119885,0.0,0.603754,0.026203,0.003391,0.245675,31.5839,71.6209,26.5,0.764,0.1,0.3056,0.04,-56.1499,12.601643671717541,10.958884577895274,0.0,0.0,0.0,0.0,0.0,0.0,0.0,0.0,0.0,0.0,0.0,0.0,0.0,0.0,0.0,0.0,0.0,0.0,3.0,5.0,6.41236e-314,42.5,0.1352538554336306,2.8250276579076496,-0.2892408794346428,1.0,0.080172,230.0,0.9321730053842482
91,91.0,91.0,91.0,91.0,91.0,91.0,51.0,84443.0,43.0,0.0353874529263115,0.005,0.001,0.008408202,0.005,0.001,0.004204101,0.002,0.0004,0.0015312,0.0015312,0.146287,0.0,0.948789,0.036398,0.005208,0.241011,34.7926,57.9092,26.5,0.15936,0.1,0.06368,0.04,-57.7058,12.078717752410796,10.274792835613551,0.0,0.0,0.0,0.0,0.0,0.0,0.0,0.0,0.0,0.0,0.0,0.0,0.0,0.0,0.0,0.0,0.0,0.0,3.0,5.0,0.0,41.0,0.1565516012927089,3.249761223070533,-0.1124867599532217,1.0,0.322937,845.0,0.2393839104525806
92,92.0,92.0,92.0,92.0,92.0,92.0,175.0,118040.0,40.0,0.0351455397477341,0.005,0.001,0.003397284,0.005,0.001,0.001698642,0.002,0.0004,0.00072864,0.00072864,0.12408,0.0,0.385039,0.01836,0.002122,0.261265,54.5383,61.9532,26.5,0.15248,0.1,0.06096,0.04,-58.0207,11.692679108505017,9.802472227212418,0.0,0.0,0.0,0.0,0.0,0.0,0.0,0.0,0.0,0.0,0.0,0.0,0.0,0.0,0.0,0.0,0.0,0.0,3.0,5.0,6.44043e-314,41.5,0.1824617230482969,3.010667342300574,0.3768542096945579,1.0,0.456195,1181.0,0.8904517805949197
93,93.0,93.0,93.0,93.0,93.0,93.0,248.0,64086.0,86.0,0.0383445379360836,0.005,0.001,0.005278086,0.005,0.001,0.002639043,0.002,0.0004,0.00035574,0.00035574,0.183054,0.0,1.02961,0.000688,0.009043,0.179669,52.8971,50.3408,26.5,0.11824,0.1,0.04736,0.04,-58.8162,13.778965393197648,12.710231039612397,0.0,0.0,0.0,0.0,0.0,0.0,0.0,0.0,0.0,0.0,0.0,0.0,0.0,0.0,0.0,0.0,0.0,0.0,3.0,5.0,6.47175e-314,46.0,0.2003419987265776,3.595305348055469,0.538009903654009,2.0,0.379016,641.0,0.1564169288636622
94,94.0,94.0,94.0,94.0,94.0,94.0,74.0,28050.0,50.0,0.0368164428802786,0.005,0.001,0.004695174,0.005,0.001,0.002347587,0.002,0.0004,0.00024123,0.00024123,0.131007,0.0,0.505387,0.003971,0.003638,0.236606,35.9801,84.8582,26.5,0.22352,0.1,0.08944,0.04,-57.2207,14.068140051026148,13.190718397488752,0.0,0.0,0.0,0.0,0.0,0.0,0.0,0.0,0.0,0.0,0.0,0.0,0.0,0.0,0.0,0.0,0.0,0.0,3.0,5.0,4.28503e-314,47.0,0.064768454020247,3.3994582458594382,0.1019253771532071,4.0,0.386341,281.0,1.511057950124905
95,95.0,95.0,95.0,95.0,95.0,95.0,243.0,62649.0,49.0,0.0356287887207571,0.005,0.001,0.004886442,0.005,0.001,0.002443221,0.002,0.0004,0.00422433,0.00422433,0.18772,0.0,0.790499,0.027088,0.009039,0.237393,60.3368,63.8473,26.5,0.27376,0.1,0.10944,0.04,-55.3432,7.811057969884275,6.2348291373602125,0.0,0.0,0.0,0.0,0.0,0.0,0.0,0.0,0.0,0.0,0.0,0.0,0.0,0.0,0.0,0.0,0.0,0.0,3.0,5.0,6.41506e-314,51.0,0.0962337273531502,3.3291393346230715,-0.0690350466010926,3.0,0.55748,627.0,0.7522040556258769
96,96.0,96.0,96.0,96.0,96.0,96.0,39.0,61033.0,33.0,0.0381476525379612,0.005,0.001,0.009048798,0.005,0.001,0.004524399,0.002,0.0004,0.00033363,0.00033363,0.175556,0.0,0.670649,0.028634,0.008212,0.289875,35.9476,85.1163,26.5,0.23616,0.1,0.09456,0.04,-55.0532,14.343435276947128,13.668582736547384,0.0,0.0,0.0,0.0,0.0,0.0,0.0,0.0,0.0,0.0,0.0,0.0,0.0,0.0,0.0,0.0,0.0,0.0,3.0,5.0,6.47963e-314,51.0,0.0478350131887942,4.170507715602191,-0.1916858745625423,1.0,0.089422,611.0,0.0774027578475705
97,97.0,97.0,97.0,97.0,97.0,97.0,103.0,59288.0,88.0,0.0349714811344957,0.005,0.001,0.009235512,0.005,0.001,0.004617756,0.002,0.0004,0.001089,0.001089,0.153837,0.0,0.792337,0.03906,0.001713,0.261304,48.1723,38.9807,26.5,0.13312,0.1,0.05328,0.04,-56.4593,12.957627391562092,11.455979973810548,0.0,0.0,0.0,0.0,0.0,0.0,0.0,0.0,0.0,0.0,0.0,0.0,0.0,0.0,0.0,0.0,0.0,0.0,3.0,5.0,6.4722e-314,56.0,0.0569602269311784,3.7518484206960734,-0.1031413131766401,2.0,0.415612,593.0,6.14310629514372
98,98.0,98.0,98.0,98.0,98.0,98.0,68.0,25071.0,71.0,0.0439810816469817,0.005,0.001,0.00837177,0.005,0.001,0.004185885,0.002,0.0004,0.00050226,0.00050226,0.121234,0.0,0.292935,0.042984,0.00681,0.248675,36.0381,50.1936,26.5,0.12176,0.1,0.04864,0.04,-59.0632,13.910754420553138,12.926551853755397,0.0,0.0,0.0,0.0,0.0,0.0,0.0,0.0,0.0,0.0,0.0,0.0,0.0,0.0,0.0,0.0,0.0,0.0,3.0,5.0,4.26177e-314,21.0,0.0843589825832732,1.4448266811142387,-0.1594567224895845,1.0,0.051963,251.0,0.2560936013768364
99,99.0,99.0,99.0,99.0,99.0,99.0,180.0,124678.0,78.0,0.0382238175339881,0.005,0.001,0.01124079,0.005,0.001,0.005620395,0.002,0.0004,0.00042207,0.00042207,0.107439,0.0,0.7163,0.039062,0.006143,0.181688,40.9857,62.7941,26.5,0.14272,0.1,0.05712,0.04,-56.2396,14.330272995426025,13.645266217109096,0.0,0.0,0.0,0.0,0.0,0.0,0.0,0.0,0.0,0.0,0.0,0.0,0.0,0.0,0.0,0.0,0.0,0.0,3.0,5.0,6.4742e-314,15.5,0.1963284117764628,0.7335809276288251,0.7181443123102257,1.0,0.297461,1247.0,0.0234841943090343
