,Unnamed: 0.6,Unnamed: 0.5,Unnamed: 0.4,Unnamed: 0.3,Unnamed: 0.2,Unnamed: 0.1,Unnamed: 0,gTON_STN_MEAN_nS_pF,gTON_STN_SIGMA,gTON_STN_THETA,gTON_CL_S_MEAN_nS_pF,gTON_CL_S_SIGMA,gTON_CL_S_THETA,gTON_CL_D_MEAN_nS_pF,gTON_CL_D_SIGMA,gTON_CL_D_THETA,gKCC2_S_nS_pF,gKCC2_D_nS_pF,gTRPC3_nS_pF,gHCN_nS_pF,gCA_nS_pF,gL_nS_pF,gSK_nS_pF,gNAP_nS_pF,gNAF_nS_pF,gKDR_nS_pF,gSD_nS,soma_noise_intensity,soma_noise_intensity_theta,dend_noise_intensity,dend_noise_intensity_theta,Eleak_mV,CL_in_S,CL_in_D,Iapp,Iapp_dend,gpe_stim,gpe_stim_freqs,gpe_poisson,W_gpe,gpe_start_time,gpe_base_length,gpe_stim_length,gpe_post_length,str_stim,str_stim_freqs,str_poisson,W_str,str_start_time,str_base_length,str_stim_length,str_post_length,tausyn,tauexc,tausyn_dend,pre_exp_fr,pre_exp_cv,pre_exp_fr_zscore,pre_exp_cv_zscore,connections,total_weight,sim,rel_error
0,0.0,0.0,0.0,0.0,143.0,26802.0,2.0,0.0222062954172018,0.002,0.001,0.0051816,0.002,0.001,0.0051816,0.0008,0.0004,0.003785,0.003785,0.075992,0.0,0.770625,0.032538,0.002688,0.036901,49.5213,18.1453,26.5,0.005136,0.1,0.002056,0.04,-58.0617,8.268327910799034,8.268327910799034,0.0,0.0,0.0,0.0,0.0,0.0,0.0,0.0,0.0,0.0,0.0,0.0,0.0,0.0,0.0,0.0,0.0,0.0,3.0,5.0,0.0,3.5,0.0490699664132461,-0.552204380981023,-0.1208969605402268,2.0,0.123404,269.0,0.1016783237457326
1,1.0,1.0,1.0,1.0,221.0,104463.0,63.0,0.0648612668240848,0.002,0.001,0.0134453,0.002,0.001,0.0134453,0.0008,0.0004,0.006022,0.006022,0.090832,0.0,0.7338,0.042583,0.009785,0.183954,38.1829,51.1943,26.5,0.007432,0.1,0.002976,0.04,-56.615,9.676633449375172,9.676633449375172,0.0,0.0,0.0,0.0,0.0,0.0,0.0,0.0,0.0,0.0,0.0,0.0,0.0,0.0,0.0,0.0,0.0,0.0,3.0,5.0,6.43617e-314,4.0,0.0705989198123984,-1.0087926415777893,-0.8299131407662823,2.0,0.846957,1045.0,0.0061029615368163
2,2.0,2.0,2.0,2.0,108.0,40340.0,40.0,0.0463268289653302,0.002,0.001,0.0167178,0.002,0.001,0.0167178,0.0008,0.0004,0.004207,0.004207,0.097175,0.0,0.670463,0.05095,0.009722,0.164694,36.7917,51.0825,26.5,0.084984,0.1,0.033992,0.04,-58.5843,11.28903594345683,11.28903594345683,0.0,0.0,0.0,0.0,0.0,0.0,0.0,0.0,0.0,0.0,0.0,0.0,0.0,0.0,0.0,0.0,0.0,0.0,3.0,5.0,6.47676e-314,4.0,0.1255235477773912,-0.9693743240202708,-0.4991599899044349,3.0,0.678953,404.0,0.0031166807798857
3,3.0,3.0,3.0,3.0,61.0,89698.0,98.0,0.0660159557786357,0.002,0.001,0.0017493,0.002,0.001,0.0017493,0.0008,0.0004,0.004292,0.004292,0.044133,0.0,0.809074,0.025437,0.011965,0.163143,41.0137,64.4101,26.5,0.006832,0.1,0.002736,0.04,-61.0014,5.655808183651816,5.655808183651816,0.0,0.0,0.0,0.0,0.0,0.0,0.0,0.0,0.0,0.0,0.0,0.0,0.0,0.0,0.0,0.0,0.0,0.0,3.0,5.0,0.0,2.5,0.052821874679596,-0.7767360365327276,-0.5980756794776787,2.0,0.5510539999999999,897.0,0.1970366442995458
4,4.0,4.0,4.0,4.0,160.0,14010.0,10.0,0.0587585274783756,0.002,0.001,0.003553,0.002,0.001,0.003553,0.0008,0.0004,0.007687,0.007687,0.116018,0.0,0.834204,0.049134,0.010386,0.16971,38.325,35.7532,26.5,0.010824,0.1,0.004328,0.04,-57.6004,5.847345989534754,5.847345989534754,0.0,0.0,0.0,0.0,0.0,0.0,0.0,0.0,0.0,0.0,0.0,0.0,0.0,0.0,0.0,0.0,0.0,0.0,3.0,5.0,1e-323,4.5,0.3642236488056772,-0.5378697235056932,1.0770731141627266,2.0,0.197436,141.0,0.0080457733911297
5,5.0,5.0,5.0,5.0,210.0,118476.0,76.0,0.041355388015843,0.002,0.001,0.0083691,0.002,0.001,0.0083691,0.0008,0.0004,0.000387,0.000387,0.057962,0.0,0.675808,0.043778,0.00805,0.169077,19.2961,52.2104,26.5,0.008496,0.1,0.0034,0.04,-56.3618,14.164103936020561,14.164103936020561,0.0,0.0,0.0,0.0,0.0,0.0,0.0,0.0,0.0,0.0,0.0,0.0,0.0,0.0,0.0,0.0,0.0,0.0,3.0,5.0,6.40663e-314,4.5,0.3945991857359928,-0.5907453937081006,1.016948331832718,2.0,0.924156,1185.0,0.0424577275202442
6,6.0,6.0,6.0,6.0,23.0,66110.0,10.0,0.0609551481019502,0.002,0.001,0.0109446,0.002,0.001,0.0109446,0.0008,0.0004,0.004363,0.004363,0.100318,0.0,1.19935,0.015899,0.010233,0.210238,29.0481,18.641,26.5,0.10852,0.1,0.043408,0.04,-56.5581,10.01508303180437,10.01508303180437,0.0,0.0,0.0,0.0,0.0,0.0,0.0,0.0,0.0,0.0,0.0,0.0,0.0,0.0,0.0,0.0,0.0,0.0,3.0,5.0,1e-323,3.5,0.0872836680596964,-0.5687580516638726,-0.2804324911293014,3.0,0.71033,662.0,0.0382155270387607
7,7.0,7.0,7.0,7.0,129.0,100410.0,10.0,0.0816491071212832,0.002,0.001,0.0057426,0.002,0.001,0.0057426,0.0008,0.0004,0.001902,0.001902,0.171525,0.0,0.78543,0.077307,0.009171,0.258877,15.1649,50.7399,26.5,0.012448,0.1,0.004976,0.04,-60.5516,10.543993502439278,10.543993502439278,0.0,0.0,0.0,0.0,0.0,0.0,0.0,0.0,0.0,0.0,0.0,0.0,0.0,0.0,0.0,0.0,0.0,0.0,3.0,5.0,1e-323,2.0,0.2510161869900741,-0.5500417121811177,0.8460911995902759,2.0,0.815914,1005.0,0.0018187091584212
8,8.0,8.0,8.0,8.0,224.0,124005.0,5.0,0.06051113328981,0.002,0.001,0.0021743,0.002,0.001,0.0021743,0.0008,0.0004,0.001283,0.001283,0.113634,0.0,0.546054,0.049139,0.009404,0.197402,39.4139,30.6725,26.5,0.011584,0.1,0.004632,0.04,-57.8008,8.873886136789265,8.873886136789265,0.0,0.0,0.0,0.0,0.0,0.0,0.0,0.0,0.0,0.0,0.0,0.0,0.0,0.0,0.0,0.0,0.0,0.0,3.0,5.0,0.0,4.0,0.391251457272221,-0.5207775555713372,1.3999410852843266,3.0,1.5485,1241.0,0.0353312884318853
9,9.0,9.0,9.0,9.0,46.0,22545.0,45.0,0.0728757223275778,0.002,0.001,0.0010285,0.002,0.001,0.0010285,0.0008,0.0004,0.00242,0.00242,0.095379,0.0,0.790757,0.037773,0.007262,0.178878,27.7186,48.2671,26.5,0.085128,0.1,0.034048,0.04,-58.4186,5.717558812686737,5.717558812686737,0.0,0.0,0.0,0.0,0.0,0.0,0.0,0.0,0.0,0.0,0.0,0.0,0.0,0.0,0.0,0.0,0.0,0.0,3.0,5.0,0.0,9.5,0.0677181912060259,0.1400844219791328,-0.2259302658255842,1.0,0.08862,226.0,0.1354856524509147
10,10.0,10.0,10.0,10.0,139.0,79571.0,71.0,0.0720204307484597,0.002,0.001,0.0025364,0.002,0.001,0.0025364,0.0008,0.0004,0.002283,0.002283,0.099648,0.0,0.629857,0.037472,0.01047,0.148956,38.546,47.5841,26.5,0.092224,0.1,0.036888,0.04,-56.0686,7.7050451699678515,7.7050451699678515,0.0,0.0,0.0,0.0,0.0,0.0,0.0,0.0,0.0,0.0,0.0,0.0,0.0,0.0,0.0,0.0,0.0,0.0,3.0,5.0,4.24751e-314,9.5,0.1453491971958857,0.0850403240103491,-0.1940842271680165,1.0,0.421595,796.0,0.0389541053227404
11,11.0,11.0,11.0,11.0,242.0,101264.0,64.0,0.0519271155729376,0.002,0.001,0.0029869,0.002,0.001,0.0029869,0.0008,0.0004,0.003559,0.003559,0.098683,0.0,0.710446,0.042193,0.009053,0.158258,31.4235,53.4951,26.5,0.00856,0.1,0.003424,0.04,-58.816,7.013213187578492,7.013213187578492,0.0,0.0,0.0,0.0,0.0,0.0,0.0,0.0,0.0,0.0,0.0,0.0,0.0,0.0,0.0,0.0,0.0,0.0,3.0,5.0,3.14384e-319,6.5,0.1179341149823996,-0.7103791575335612,-0.3601692531625181,1.0,0.354322,1013.0,0.0036510233765261
12,12.0,12.0,12.0,12.0,227.0,60156.0,56.0,0.0504529988720111,0.002,0.001,0.0034153,0.002,0.001,0.0034153,0.0008,0.0004,0.000913,0.000913,0.150961,0.0,0.570899,0.041789,0.009499,0.079895,50.0191,38.9132,26.5,0.06196,0.1,0.024784,0.04,-59.3904,11.130203563863986,11.130203563863986,0.0,0.0,0.0,0.0,0.0,0.0,0.0,0.0,0.0,0.0,0.0,0.0,0.0,0.0,0.0,0.0,0.0,0.0,3.0,5.0,6.41221e-314,7.5,0.5112738888052302,-0.1979918135255788,1.986303113612099,0.0,0.0,602.0,0.0112690673663411
13,13.0,13.0,13.0,13.0,151.0,75615.0,15.0,0.0491117630521239,0.002,0.001,0.0055658,0.002,0.001,0.0055658,0.0008,0.0004,0.000894,0.000894,0.122829,0.0,0.51575,0.049081,0.008338,0.211983,43.2186,56.8005,26.5,0.009368,0.1,0.003752,0.04,-56.6847,12.354878266991438,12.354878266991438,0.0,0.0,0.0,0.0,0.0,0.0,0.0,0.0,0.0,0.0,0.0,0.0,0.0,0.0,0.0,0.0,0.0,0.0,3.0,5.0,0.0,9.0,0.3725361130790491,-0.1477942860075781,0.9943932815425996,3.0,0.872954,757.0,0.0084398847678001
14,14.0,14.0,14.0,14.0,4.0,42576.0,76.0,0.0579299829144962,0.002,0.001,0.0100572,0.002,0.001,0.0100572,0.0008,0.0004,0.002845,0.002845,0.092746,0.0,0.802716,0.044062,0.011172,0.182944,42.4625,45.1494,26.5,0.10548,0.1,0.042192,0.04,-56.087,10.978777306766604,10.978777306766604,0.0,0.0,0.0,0.0,0.0,0.0,0.0,0.0,0.0,0.0,0.0,0.0,0.0,0.0,0.0,0.0,0.0,0.0,3.0,5.0,6.40656e-314,7.5,0.1902193762120013,-0.1463769790848904,0.0559051967386331,1.0,0.265111,426.0,0.0385744064190657
15,15.0,15.0,15.0,15.0,89.0,74804.0,4.0,0.03617554238983,0.002,0.001,0.0088281,0.002,0.001,0.0088281,0.0008,0.0004,0.002016,0.002016,0.096489,0.0,0.655395,0.04531,0.009221,0.16168,41.1366,52.1033,26.5,0.00832,0.1,0.003328,0.04,-55.8911,11.537230423007315,11.537230423007315,0.0,0.0,0.0,0.0,0.0,0.0,0.0,0.0,0.0,0.0,0.0,0.0,0.0,0.0,0.0,0.0,0.0,0.0,3.0,5.0,0.0,7.0,0.3495862436722388,-0.0164055077626972,1.627848448769258,3.0,0.952438,749.0,0.0177092187246343
16,16.0,16.0,16.0,16.0,156.0,71137.0,37.0,0.0558078508661188,0.002,0.001,0.0101592,0.002,0.001,0.0101592,0.0008,0.0004,0.001558,0.001558,0.097204,0.0,0.747414,0.03819,0.009838,0.194663,36.0366,51.5338,26.5,0.080056,0.1,0.032024,0.04,-55.9385,12.452166505598857,12.452166505598857,0.0,0.0,0.0,0.0,0.0,0.0,0.0,0.0,0.0,0.0,0.0,0.0,0.0,0.0,0.0,0.0,0.0,0.0,3.0,5.0,6.44739e-314,9.5,0.2824409159624964,0.188819648256702,0.3690583864324014,3.0,0.886979,712.0,0.0082042934133776
17,17.0,17.0,17.0,17.0,167.0,42252.0,52.0,0.0422825067318804,0.002,0.001,0.0067201,0.002,0.001,0.0067201,0.0008,0.0004,0.000902,0.000902,0.112891,0.0,0.732641,0.044424,0.00803,0.146116,44.1692,53.0108,26.5,0.007944,0.1,0.003176,0.04,-57.7285,12.718448354457747,12.718448354457747,0.0,0.0,0.0,0.0,0.0,0.0,0.0,0.0,0.0,0.0,0.0,0.0,0.0,0.0,0.0,0.0,0.0,0.0,3.0,5.0,6.41321e-314,8.5,0.494507504299548,-0.1418973249540882,1.3162429017963329,2.0,0.240822,423.0,0.0083864631114698
18,18.0,18.0,18.0,18.0,19.0,67556.0,56.0,0.0323508678885372,0.002,0.001,0.0080801,0.002,0.001,0.0080801,0.0008,0.0004,0.004302,0.004302,0.103592,0.0,0.691397,0.041841,0.008975,0.206192,36.9079,49.2118,26.5,0.083656,0.1,0.033464,0.04,-56.9206,9.172087453745007,9.172087453745007,0.0,0.0,0.0,0.0,0.0,0.0,0.0,0.0,0.0,0.0,0.0,0.0,0.0,0.0,0.0,0.0,0.0,0.0,3.0,5.0,6.41357e-314,12.0,0.3281578630577714,0.5546527958265636,0.8808266918053418,2.0,0.6234299999999999,676.0,0.0102580306997993
19,19.0,19.0,19.0,19.0,76.0,34591.0,91.0,0.0566836305858293,0.002,0.001,0.0110789,0.002,0.001,0.0110789,0.0008,0.0004,0.005979,0.005979,0.102552,0.0,0.814171,0.035675,0.008939,0.16557,34.0964,43.6397,26.5,0.081568,0.1,0.032624,0.04,-56.09,9.132689619129039,9.132689619129039,0.0,0.0,0.0,0.0,0.0,0.0,0.0,0.0,0.0,0.0,0.0,0.0,0.0,0.0,0.0,0.0,0.0,0.0,3.0,5.0,4.24726e-314,15.0,0.1958913195968947,1.104092728703738,-0.2986610040864502,2.0,0.38007,346.0,0.039987468953693
20,20.0,20.0,20.0,20.0,201.0,2828.0,28.0,0.0427716441502608,0.002,0.001,0.0083538,0.002,0.001,0.0083538,0.0008,0.0004,0.012083,0.012083,0.093529,0.0,0.557785,0.039231,0.00802,0.156346,44.6405,56.0161,26.5,0.00984,0.1,0.003936,0.04,-56.6084,6.586964380716451,6.586964380716451,0.0,0.0,0.0,0.0,0.0,0.0,0.0,0.0,0.0,0.0,0.0,0.0,0.0,0.0,0.0,0.0,0.0,0.0,3.0,5.0,4.82e-321,11.0,0.1853794200431019,0.4555815635519358,0.038304438951034,2.0,0.166068,29.0,0.0826690082838774
21,21.0,21.0,21.0,21.0,26.0,61006.0,6.0,0.0371816579267717,0.002,0.001,0.0083572,0.002,0.001,0.0083572,0.0008,0.0004,0.000959,0.000959,0.107612,0.0,0.49744,0.038593,0.012606,0.205416,34.2086,51.1983,26.5,0.009256,0.1,0.003704,0.04,-54.8263,13.005384578124453,13.005384578124453,0.0,0.0,0.0,0.0,0.0,0.0,0.0,0.0,0.0,0.0,0.0,0.0,0.0,0.0,0.0,0.0,0.0,0.0,3.0,5.0,0.0,11.5,0.0793573006786904,0.423548662576226,-0.0486815412663126,1.0,0.137736,611.0,0.0383820043228952
22,22.0,22.0,22.0,22.0,191.0,22994.0,94.0,0.0674298716590797,0.002,0.001,0.0064549,0.002,0.001,0.0064549,0.0008,0.0004,0.003433,0.003433,0.160091,0.0,0.287581,0.049332,0.010597,0.220027,28.9419,47.6055,26.5,0.11308,0.1,0.045232,0.04,-59.8925,9.175234827850042,9.175234827850042,0.0,0.0,0.0,0.0,0.0,0.0,0.0,0.0,0.0,0.0,0.0,0.0,0.0,0.0,0.0,0.0,0.0,0.0,3.0,5.0,6.41236e-314,13.5,0.2194457988656245,0.1428930342598565,0.0989465430755205,2.0,0.274919,230.0,0.0967323466453676
23,23.0,23.0,23.0,23.0,50.0,49470.0,70.0,0.056048023027753,0.002,0.001,0.0120309,0.002,0.001,0.0120309,0.0008,0.0004,0.003449,0.003449,0.097353,0.0,0.800857,0.02436,0.00954,0.110521,39.2931,38.8521,26.5,0.007368,0.1,0.002944,0.04,-54.1004,10.942712553295145,10.942712553295145,0.0,0.0,0.0,0.0,0.0,0.0,0.0,0.0,0.0,0.0,0.0,0.0,0.0,0.0,0.0,0.0,0.0,0.0,3.0,5.0,6.43945e-314,11.5,0.2307279149835355,0.4042280483453833,0.3482490937500056,1.0,0.202567,495.0,0.0110902251156885
24,24.0,24.0,24.0,24.0,28.0,76101.0,1.0,0.0609576816201368,0.002,0.001,0.0051646,0.002,0.001,0.0051646,0.0008,0.0004,0.004136,0.004136,0.139255,0.0,0.959344,0.03745,0.011965,0.176048,35.9093,46.1476,26.5,0.089392,0.1,0.03576,0.04,-58.5398,8.01593135291788,8.01593135291788,0.0,0.0,0.0,0.0,0.0,0.0,0.0,0.0,0.0,0.0,0.0,0.0,0.0,0.0,0.0,0.0,0.0,0.0,3.0,5.0,0.0,15.0,0.1151673104546604,0.7673168766386821,-0.6258785066599097,1.0,0.236578,762.0,0.0530191944756597
25,25.0,25.0,25.0,25.0,154.0,78338.0,38.0,0.0186437822611576,0.002,0.001,0.0062543,0.002,0.001,0.0062543,0.0008,0.0004,0.004925,0.004925,0.125749,0.0,0.940776,0.048429,0.010012,0.17853,37.8195,45.6847,26.5,0.084152,0.1,0.033664,0.04,-58.1594,8.061692722321022,8.061692722321022,0.0,0.0,0.0,0.0,0.0,0.0,0.0,0.0,0.0,0.0,0.0,0.0,0.0,0.0,0.0,0.0,0.0,0.0,3.0,5.0,4.28057e-314,12.5,0.0584414759591098,0.4138199439413568,-0.9554411060123882,0.0,0.0,784.0,0.1349879172091372
26,26.0,26.0,26.0,26.0,216.0,12499.0,99.0,0.0313424886097175,0.002,0.001,0.0031535,0.002,0.001,0.0031535,0.0008,0.0004,0.001575,0.001575,0.090098,0.0,0.738179,0.040877,0.00875,0.174312,43.957,30.5623,26.5,0.005672,0.1,0.002272,0.04,-56.1126,9.358536651484588,9.358536651484588,0.0,0.0,0.0,0.0,0.0,0.0,0.0,0.0,0.0,0.0,0.0,0.0,0.0,0.0,0.0,0.0,0.0,0.0,3.0,5.0,2.12725e-314,11.5,0.1682809982308427,0.3461069019321245,0.0153514841665969,1.0,0.115171,125.0,0.0807423050556524
27,27.0,27.0,27.0,27.0,203.0,90928.0,28.0,0.040991764123275,0.002,0.001,0.0110024,0.002,0.001,0.0110024,0.0008,0.0004,0.004877,0.004877,0.099271,0.0,0.479737,0.032737,0.010145,0.206835,36.2043,10.5366,26.5,0.100992,0.1,0.0404,0.04,-56.3898,9.70687847591942,9.70687847591942,0.0,0.0,0.0,0.0,0.0,0.0,0.0,0.0,0.0,0.0,0.0,0.0,0.0,0.0,0.0,0.0,0.0,0.0,3.0,5.0,4.82e-321,13.0,0.0935107136909707,0.7057256667400508,-0.3681637078342079,0.0,0.0,910.0,0.0918554257849683
28,28.0,28.0,28.0,28.0,147.0,15971.0,71.0,0.0777035986153426,0.002,0.001,0.0080036,0.002,0.001,0.0080036,0.0008,0.0004,0.000866,0.000866,0.130229,0.0,0.845157,0.039258,0.009076,0.160524,32.49,37.8645,26.5,0.098096,0.1,0.03924,0.04,-57.7729,13.105749086513704,13.105749086513704,0.0,0.0,0.0,0.0,0.0,0.0,0.0,0.0,0.0,0.0,0.0,0.0,0.0,0.0,0.0,0.0,0.0,0.0,3.0,5.0,4.26683e-314,13.5,0.1779471608211121,0.6892917961675734,-0.0043208840240037,1.0,0.109984,160.0,0.0582987287684869
29,29.0,29.0,29.0,29.0,236.0,112918.0,18.0,0.0754816873472014,0.002,0.001,0.0045747,0.002,0.001,0.0045747,0.0008,0.0004,0.000959,0.000959,0.094575,0.0,0.479149,0.045069,0.011974,0.147321,45.5954,50.501,26.5,0.058832,0.1,0.023536,0.04,-55.0008,11.748316729553805,11.748316729553805,0.0,0.0,0.0,0.0,0.0,0.0,0.0,0.0,0.0,0.0,0.0,0.0,0.0,0.0,0.0,0.0,0.0,0.0,3.0,5.0,6.46899e-314,10.5,0.2202472917073133,0.1985908374421997,0.2773119843904624,1.0,0.454108,1130.0,0.0049546595604615
30,30.0,30.0,30.0,30.0,58.0,95750.0,50.0,0.0649558777805319,0.002,0.001,0.0059109,0.002,0.001,0.0059109,0.0008,0.0004,0.001078,0.001078,0.138017,0.0,0.390733,0.041416,0.013887,0.204617,45.5526,110.872,26.5,0.074424,0.1,0.029768,0.04,-56.2134,12.075389541921066,12.075389541921066,0.0,0.0,0.0,0.0,0.0,0.0,0.0,0.0,0.0,0.0,0.0,0.0,0.0,0.0,0.0,0.0,0.0,0.0,3.0,5.0,4.28302e-314,16.5,0.1419474178626409,0.6785160029886479,0.2346507782557349,1.0,0.342883,958.0,0.1789362305263595
31,31.0,31.0,31.0,31.0,218.0,44251.0,51.0,0.0644194590246378,0.002,0.001,0.004437,0.002,0.001,0.004437,0.0008,0.0004,0.000934,0.000934,0.125706,0.0,0.836427,0.031761,0.009391,0.187284,37.5066,51.4729,26.5,0.006888,0.1,0.00276,0.04,-57.6745,11.73825852541076,11.73825852541076,0.0,0.0,0.0,0.0,0.0,0.0,0.0,0.0,0.0,0.0,0.0,0.0,0.0,0.0,0.0,0.0,0.0,0.0,3.0,5.0,4.26302e-314,18.5,0.1820104393419271,1.2784960396933365,-0.007075049278676,1.0,0.237329,443.0,0.1168613417180725
32,32.0,32.0,32.0,32.0,37.0,120711.0,11.0,0.0867907986598325,0.002,0.001,0.0114546,0.002,0.001,0.0114546,0.0008,0.0004,0.002966,0.002966,0.144277,0.0,0.670741,0.048581,0.007305,0.192516,35.7342,40.9666,26.5,0.103544,0.1,0.041416,0.04,-58.1817,11.214413257153492,11.214413257153492,0.0,0.0,0.0,0.0,0.0,0.0,0.0,0.0,0.0,0.0,0.0,0.0,0.0,0.0,0.0,0.0,0.0,0.0,3.0,5.0,4.24399e-314,17.5,0.2081639239076635,1.0047330287124872,0.3571344257311782,3.0,1.158579,1208.0,0.0045073253137514
33,33.0,33.0,33.0,33.0,131.0,16262.0,62.0,0.0583602116657089,0.002,0.001,0.0022355,0.002,0.001,0.0022355,0.0008,0.0004,0.004405,0.004405,0.129576,0.0,0.524557,0.039445,0.00746,0.180893,39.5662,58.3178,26.5,0.0116,0.1,0.00464,0.04,-59.2568,6.0015556164075265,6.0015556164075265,0.0,0.0,0.0,0.0,0.0,0.0,0.0,0.0,0.0,0.0,0.0,0.0,0.0,0.0,0.0,0.0,0.0,0.0,3.0,5.0,0.0,18.5,0.1166896498719792,1.3687815557299334,-0.1260427033785496,2.0,0.271155,163.0,0.3466776054350446
34,34.0,34.0,34.0,34.0,187.0,42285.0,85.0,0.0676736431057518,0.002,0.001,0.0018751,0.002,0.001,0.0018751,0.0008,0.0004,0.004475,0.004475,0.120409,0.0,0.550586,0.035168,0.010013,0.195592,34.2645,50.3608,26.5,0.007304,0.1,0.00292,0.04,-57.9142,5.696428161048666,5.696428161048666,0.0,0.0,0.0,0.0,0.0,0.0,0.0,0.0,0.0,0.0,0.0,0.0,0.0,0.0,0.0,0.0,0.0,0.0,3.0,5.0,4.25115e-314,17.0,0.2285255985251476,0.8978675561750065,0.1419893549225316,2.0,0.485426,423.0,0.0101258717963971
35,35.0,35.0,35.0,35.0,142.0,11036.0,36.0,0.0427308559886388,0.002,0.001,0.0144177,0.002,0.001,0.0144177,0.0008,0.0004,0.006941,0.006941,0.092138,0.0,0.48812,0.037992,0.010202,0.221315,33.6321,55.9541,26.5,0.008792,0.1,0.00352,0.04,-54.4206,9.465864991261629,9.465864991261629,0.0,0.0,0.0,0.0,0.0,0.0,0.0,0.0,0.0,0.0,0.0,0.0,0.0,0.0,0.0,0.0,0.0,0.0,3.0,5.0,6.47292e-314,19.5,0.0841342614124174,1.1241218673883706,-0.4139289723438618,3.0,0.27998,111.0,0.4347331881315661
36,36.0,36.0,36.0,36.0,196.0,29385.0,85.0,0.0591825509926323,0.002,0.001,0.0057018,0.002,0.001,0.0057018,0.0008,0.0004,0.003434,0.003434,0.088568,0.0,0.155552,0.063561,0.006196,0.307796,45.8005,30.1618,26.5,0.134048,0.1,0.053624,0.04,-58.2055,8.814950008554828,8.814950008554828,0.0,0.0,0.0,0.0,0.0,0.0,0.0,0.0,0.0,0.0,0.0,0.0,0.0,0.0,0.0,0.0,0.0,0.0,3.0,5.0,4.28613e-314,19.0,0.094734079824588,0.8547044989626471,0.0354665461053231,1.0,0.046283,294.0,0.1168733244910537
37,37.0,37.0,37.0,37.0,64.0,111143.0,43.0,0.0524439321183304,0.002,0.001,0.0091103,0.002,0.001,0.0091103,0.0008,0.0004,0.002319,0.002319,0.135558,0.0,0.925473,0.0365,0.009581,0.188346,40.5837,50.866,26.5,0.077256,0.1,0.030904,0.04,-57.8781,11.2591803700426,11.2591803700426,0.0,0.0,0.0,0.0,0.0,0.0,0.0,0.0,0.0,0.0,0.0,0.0,0.0,0.0,0.0,0.0,0.0,0.0,3.0,5.0,0.0,17.0,0.2933701528645736,1.156987173353478,0.6452197602342306,3.0,1.17067,1112.0,0.0995130480478412
38,38.0,38.0,38.0,38.0,16.0,60088.0,88.0,0.0355182443021237,0.002,0.001,0.0094418,0.002,0.001,0.0094418,0.0008,0.0004,0.009897,0.009897,0.105033,0.0,0.966678,0.016812,0.010501,0.175653,36.6325,30.9438,26.5,0.007064,0.1,0.002824,0.04,-55.9236,7.31895840405498,7.31895840405498,0.0,0.0,0.0,0.0,0.0,0.0,0.0,0.0,0.0,0.0,0.0,0.0,0.0,0.0,0.0,0.0,0.0,0.0,3.0,5.0,6.40995e-314,16.0,0.2854619022450324,0.5276431840801881,0.6024260775877389,3.0,0.819856,601.0,0.0837632090945202
39,39.0,39.0,39.0,39.0,65.0,1637.0,37.0,0.0234700161115116,0.002,0.001,0.0055828,0.002,0.001,0.0055828,0.0008,0.0004,0.003127,0.003127,0.102979,0.0,0.775702,0.036539,0.007708,0.190411,37.6325,51.6385,26.5,0.008592,0.1,0.003432,0.04,-56.6463,9.024682773247807,9.024682773247807,0.0,0.0,0.0,0.0,0.0,0.0,0.0,0.0,0.0,0.0,0.0,0.0,0.0,0.0,0.0,0.0,0.0,0.0,3.0,5.0,6.44194e-314,20.0,0.0555996112502787,1.760447756732656,-0.6217116483870918,1.0,0.070577,17.0,0.5712402052849128
40,40.0,40.0,40.0,40.0,165.0,26531.0,31.0,0.0082593916727108,0.002,0.001,0.0117538,0.002,0.001,0.0117538,0.0008,0.0004,0.006302,0.006302,0.101552,0.0,0.514788,0.045626,0.004177,0.129921,51.8133,60.7931,26.5,0.031224,0.1,0.012488,0.04,-57.858,9.15166513270713,9.15166513270713,0.0,0.0,0.0,0.0,0.0,0.0,0.0,0.0,0.0,0.0,0.0,0.0,0.0,0.0,0.0,0.0,0.0,0.0,3.0,5.0,4.28045e-314,16.5,0.1383732512291215,0.4008556549253069,0.4282487185934217,2.0,0.189808,266.0,0.0884207262460412
41,41.0,41.0,41.0,41.0,153.0,11941.0,41.0,0.0348397149095549,0.002,0.001,0.0115838,0.002,0.001,0.0115838,0.0008,0.0004,0.004,0.004,0.121019,0.0,0.838432,0.045594,0.005488,0.161376,38.2499,51.8679,26.5,0.056,0.1,0.0224,0.04,-56.6927,10.42642263581659,10.42642263581659,0.0,0.0,0.0,0.0,0.0,0.0,0.0,0.0,0.0,0.0,0.0,0.0,0.0,0.0,0.0,0.0,0.0,0.0,3.0,5.0,6.41353e-314,18.0,0.1816544079224633,1.6644621754098936,-0.0315568059334071,2.0,0.185615,120.0,0.1485121269402699
42,42.0,42.0,42.0,42.0,73.0,39589.0,89.0,0.0750583503573077,0.002,0.001,0.0084643,0.002,0.001,0.0084643,0.0008,0.0004,0.001007,0.001007,0.119861,0.0,0.640606,0.043145,0.008728,0.179124,39.4158,61.6277,26.5,0.08708,0.1,0.034832,0.04,-56.4306,12.941787107248476,12.941787107248476,0.0,0.0,0.0,0.0,0.0,0.0,0.0,0.0,0.0,0.0,0.0,0.0,0.0,0.0,0.0,0.0,0.0,0.0,3.0,5.0,6.4836e-314,16.5,0.0348615106904905,3.1660549597670338,-1.12966557560905,0.0,0.0,396.0,0.069549981209136
43,43.0,43.0,43.0,43.0,163.0,29282.0,82.0,0.0469080423262294,0.002,0.001,0.004794,0.002,0.001,0.004794,0.0008,0.0004,0.001984,0.001984,0.131414,0.0,0.907811,0.029565,0.008505,0.146514,40.2116,29.4384,26.5,0.005048,0.1,0.002016,0.04,-58.2404,9.906637481384495,9.906637481384495,0.0,0.0,0.0,0.0,0.0,0.0,0.0,0.0,0.0,0.0,0.0,0.0,0.0,0.0,0.0,0.0,0.0,0.0,3.0,5.0,6.47529e-314,17.0,0.1613452548061742,0.6255045953442887,0.3054190898036529,2.0,0.207413,293.0,0.2510448104607579
44,44.0,44.0,44.0,44.0,174.0,20838.0,38.0,0.0579935992091237,0.002,0.001,0.0081345,0.002,0.001,0.0081345,0.0008,0.0004,0.005906,0.005906,0.120055,0.0,0.488331,0.035333,0.005687,0.145345,42.9498,64.2633,26.5,0.012504,0.1,0.005,0.04,-56.3019,8.285217618799743,8.285217618799743,0.0,0.0,0.0,0.0,0.0,0.0,0.0,0.0,0.0,0.0,0.0,0.0,0.0,0.0,0.0,0.0,0.0,0.0,3.0,5.0,4.25246e-314,20.0,0.1050262684824146,1.0535514261330068,0.3048108901683382,1.0,0.117489,209.0,0.4910047883491287
45,45.0,45.0,45.0,45.0,125.0,904.0,4.0,0.0534906991674865,0.002,0.001,0.0019278,0.002,0.001,0.0019278,0.0008,0.0004,0.003553,0.003553,0.11108,0.0,0.821058,0.045924,0.007468,0.190345,34.0813,37.3013,26.5,0.06968,0.1,0.027872,0.04,-57.0375,6.118274684909474,6.118274684909474,0.0,0.0,0.0,0.0,0.0,0.0,0.0,0.0,0.0,0.0,0.0,0.0,0.0,0.0,0.0,0.0,0.0,0.0,3.0,5.0,0.0,19.0,0.1144845018287331,1.8105282102292533,-0.5968471296051147,2.0,0.201245,10.0,0.3221519407970771
46,46.0,46.0,46.0,46.0,168.0,22510.0,10.0,0.0778830981080909,0.002,0.001,0.0054451,0.002,0.001,0.0054451,0.0008,0.0004,0.00581,0.00581,0.117755,0.0,0.784945,0.047659,0.004951,0.221608,42.3168,77.2786,26.5,0.096528,0.1,0.038616,0.04,-59.6367,7.27545884618546,7.27545884618546,0.0,0.0,0.0,0.0,0.0,0.0,0.0,0.0,0.0,0.0,0.0,0.0,0.0,0.0,0.0,0.0,0.0,0.0,3.0,5.0,1e-323,18.0,0.186832725330805,1.08509837977487,0.3470558812825028,3.0,0.276453,226.0,0.0102339257310967
47,47.0,47.0,47.0,47.0,77.0,29722.0,22.0,0.0752963444700107,0.002,0.001,0.00578,0.002,0.001,0.00578,0.0008,0.0004,0.001885,0.001885,0.14402,0.0,0.915847,0.04759,0.008535,0.17441,42.1053,59.6534,26.5,0.18436,0.1,0.073744,0.04,-57.4789,10.587364407323498,10.587364407323498,0.0,0.0,0.0,0.0,0.0,0.0,0.0,0.0,0.0,0.0,0.0,0.0,0.0,0.0,0.0,0.0,0.0,0.0,3.0,5.0,6.40273e-314,21.0,0.0683089680562491,1.0770757018416477,0.0059501599046557,0.0,0.0,298.0,0.7640808248491099
48,48.0,48.0,48.0,48.0,195.0,21076.0,76.0,0.0489648081643605,0.002,0.001,0.0039321,0.002,0.001,0.0039321,0.0008,0.0004,0.001461,0.001461,0.145857,0.0,0.945951,0.046435,0.008223,0.176519,54.1795,46.0887,26.5,0.00624,0.1,0.002496,0.04,-56.1827,10.217686373343401,10.217686373343401,0.0,0.0,0.0,0.0,0.0,0.0,0.0,0.0,0.0,0.0,0.0,0.0,0.0,0.0,0.0,0.0,0.0,0.0,3.0,5.0,6.43864e-314,24.0,0.0978327686381762,1.6552078487902575,-0.0017798802174551,5.0,0.382642,211.0,0.0105463403249596
49,49.0,49.0,49.0,49.0,229.0,42495.0,95.0,0.0482703628989761,0.002,0.001,0.0039015,0.002,0.001,0.0039015,0.0008,0.0004,0.00096,0.00096,0.106529,0.0,0.700664,0.046757,0.008013,0.234018,36.9777,57.7498,26.5,0.007584,0.1,0.003032,0.04,-57.0463,11.347228256357909,11.347228256357909,0.0,0.0,0.0,0.0,0.0,0.0,0.0,0.0,0.0,0.0,0.0,0.0,0.0,0.0,0.0,0.0,0.0,0.0,3.0,5.0,6.47938e-314,21.0,0.1330381136558349,1.5109175141030702,-0.3251509150289795,1.0,0.199903,425.0,0.1451200666466547
50,50.0,50.0,50.0,50.0,177.0,119700.0,0.0,0.0339674890632127,0.002,0.001,0.007752,0.002,0.001,0.007752,0.0008,0.0004,0.004858,0.004858,0.145187,0.0,0.737116,0.039815,0.010007,0.22361,36.4755,60.8161,26.5,0.090496,0.1,0.0362,0.04,-58.2973,8.700900881529591,8.700900881529591,0.0,0.0,0.0,0.0,0.0,0.0,0.0,0.0,0.0,0.0,0.0,0.0,0.0,0.0,0.0,0.0,0.0,0.0,3.0,5.0,6.4691e-314,22.0,0.2942137465696605,1.276581441387966,1.0089290075115644,3.0,1.329068,1198.0,0.0253942215797151
51,51.0,51.0,51.0,51.0,159.0,32184.0,84.0,0.078436913724122,0.002,0.001,0.0059721,0.002,0.001,0.0059721,0.0008,0.0004,0.006814,0.006814,0.171875,0.0,0.723179,0.052309,0.007175,0.148156,62.1396,47.1836,26.5,0.126848,0.1,0.050736,0.04,-57.753,7.114605689353785,7.114605689353785,0.0,0.0,0.0,0.0,0.0,0.0,0.0,0.0,0.0,0.0,0.0,0.0,0.0,0.0,0.0,0.0,0.0,0.0,3.0,5.0,6.44503e-314,20.5,0.1199717598802492,1.216302418346684,0.2043567582201028,1.0,0.167934,322.0,0.0645137563559439
52,52.0,52.0,52.0,52.0,85.0,124199.0,99.0,0.0701822493491738,0.002,0.001,0.0014093,0.002,0.001,0.0014093,0.0008,0.0004,0.003182,0.003182,0.119259,0.0,0.714793,0.050899,0.006257,0.19332,34.1972,57.3209,26.5,0.051312,0.1,0.02052,0.04,-56.705,5.780334674817877,5.780334674817877,0.0,0.0,0.0,0.0,0.0,0.0,0.0,0.0,0.0,0.0,0.0,0.0,0.0,0.0,0.0,0.0,0.0,0.0,3.0,5.0,2.16073e-314,22.5,0.2570502370960266,1.6785701123194203,0.5292269699211475,1.0,0.206312,1242.0,0.3030575307532379
53,53.0,53.0,53.0,53.0,202.0,615.0,15.0,0.0713454044880092,0.002,0.001,0.0038233,0.002,0.001,0.0038233,0.0008,0.0004,0.000865,0.000865,0.114051,0.0,0.800501,0.035516,0.008889,0.176934,38.0371,54.4297,26.5,0.009184,0.1,0.003672,0.04,-57.0966,11.560564420670541,11.560564420670541,0.0,0.0,0.0,0.0,0.0,0.0,0.0,0.0,0.0,0.0,0.0,0.0,0.0,0.0,0.0,0.0,0.0,0.0,3.0,5.0,0.0,20.5,0.1123865477918524,2.212255640060404,-0.3707284509841089,2.0,0.203102,7.0,0.0818125556774359
54,54.0,54.0,54.0,54.0,87.0,92546.0,46.0,0.0427961503366198,0.002,0.001,0.0103003,0.002,0.001,0.0103003,0.0008,0.0004,0.00376,0.00376,0.113272,0.0,1.055,0.034956,0.008481,0.18164,32.3273,17.0538,26.5,0.126488,0.1,0.050592,0.04,-55.502,10.268349605802058,10.268349605802058,0.0,0.0,0.0,0.0,0.0,0.0,0.0,0.0,0.0,0.0,0.0,0.0,0.0,0.0,0.0,0.0,0.0,0.0,3.0,5.0,6.41132e-314,23.5,0.2407141385422043,1.126519650311608,1.0091428757405685,4.0,1.266268,926.0,0.1840227094955994
55,55.0,55.0,55.0,55.0,155.0,129883.0,83.0,0.0337726366756406,0.002,0.001,0.0018377,0.002,0.001,0.0018377,0.0008,0.0004,0.000816,0.000816,0.144092,0.0,0.737601,0.031281,0.006265,0.187922,32.9914,48.0934,26.5,0.012848,0.1,0.005144,0.04,-57.6565,9.701842659252016,9.701842659252016,0.0,0.0,0.0,0.0,0.0,0.0,0.0,0.0,0.0,0.0,0.0,0.0,0.0,0.0,0.0,0.0,0.0,0.0,3.0,5.0,6.44593e-314,21.5,0.49585449312968,1.258910925746269,1.8777334176502725,4.0,1.795145,1299.0,0.5916679298614411
56,56.0,56.0,56.0,56.0,34.0,66402.0,2.0,0.0086967474743372,0.002,0.001,0.0088451,0.002,0.001,0.0088451,0.0008,0.0004,0.004993,0.004993,0.199406,0.0,0.697961,0.043449,0.004988,0.116859,47.9974,33.1802,26.5,0.005192,0.1,0.002072,0.04,-58.9593,9.002091452911076,9.002091452911076,0.0,0.0,0.0,0.0,0.0,0.0,0.0,0.0,0.0,0.0,0.0,0.0,0.0,0.0,0.0,0.0,0.0,0.0,3.0,5.0,0.0,24.0,0.1685231045542306,1.4327673761885136,0.2504689209474665,1.0,0.220953,665.0,0.3990539296554431
57,57.0,57.0,57.0,57.0,199.0,76472.0,72.0,0.0435878086658661,0.002,0.001,0.0064294,0.002,0.001,0.0064294,0.0008,0.0004,0.001723,0.001723,0.123627,0.0,0.68138,0.029827,0.009337,0.208128,24.2291,32.975,26.5,0.008608,0.1,0.00344,0.04,-58.4831,11.1236442543725,11.1236442543725,0.0,0.0,0.0,0.0,0.0,0.0,0.0,0.0,0.0,0.0,0.0,0.0,0.0,0.0,0.0,0.0,0.0,0.0,3.0,5.0,0.0,20.5,0.2376116391088348,1.4054594538133842,-0.0601634565206807,1.0,0.35441,765.0,0.118938336877483
58,58.0,58.0,58.0,58.0,94.0,54745.0,45.0,0.0334320070437843,0.002,0.001,0.0050269,0.002,0.001,0.0050269,0.0008,0.0004,0.003257,0.003257,0.109628,0.0,0.688839,0.046144,0.007535,0.267334,26.1469,49.9286,26.5,0.051368,0.1,0.020544,0.04,-57.5881,8.605766063968794,8.605766063968794,0.0,0.0,0.0,0.0,0.0,0.0,0.0,0.0,0.0,0.0,0.0,0.0,0.0,0.0,0.0,0.0,0.0,0.0,3.0,5.0,0.0,20.5,0.1727520956676436,1.2322270814246383,0.3612935028005978,2.0,0.337206,548.0,0.0374540195345945
59,59.0,59.0,59.0,59.0,8.0,55864.0,64.0,0.0786083255837414,0.002,0.001,0.0028169,0.002,0.001,0.0028169,0.0008,0.0004,0.002655,0.002655,0.137742,0.0,0.832509,0.046036,0.010998,0.233996,50.7487,26.948,26.5,0.0054,0.1,0.00216,0.04,-57.7783,7.5858698754559635,7.5858698754559635,0.0,0.0,0.0,0.0,0.0,0.0,0.0,0.0,0.0,0.0,0.0,0.0,0.0,0.0,0.0,0.0,0.0,0.0,3.0,5.0,3.14384e-319,20.5,0.0922934771277733,1.5487585343183266,-0.3803883647754881,1.0,0.051684,559.0,0.0967982720735833
60,60.0,60.0,60.0,60.0,179.0,8905.0,5.0,0.045432604088911,0.002,0.001,0.0016745,0.002,0.001,0.0016745,0.0008,0.0004,0.000322,0.000322,0.15915,0.0,0.754488,0.042257,0.010832,0.207565,36.1099,31.8954,26.5,0.074712,0.1,0.029888,0.04,-58.1384,11.953476299820283,11.953476299820283,0.0,0.0,0.0,0.0,0.0,0.0,0.0,0.0,0.0,0.0,0.0,0.0,0.0,0.0,0.0,0.0,0.0,0.0,3.0,5.0,0.0,22.0,0.093267744787261,1.5697864394359275,-0.2815076898925405,3.0,0.246614,90.0,0.014005852540777
61,61.0,61.0,61.0,61.0,105.0,87511.0,11.0,0.0701730447840972,0.002,0.001,0.0049742,0.002,0.001,0.0049742,0.0008,0.0004,0.003548,0.003548,0.136756,0.0,0.745598,0.035816,0.009356,0.215105,38.6305,71.1699,26.5,0.086192,0.1,0.03448,0.04,-60.4902,8.33464241324775,8.33464241324775,0.0,0.0,0.0,0.0,0.0,0.0,0.0,0.0,0.0,0.0,0.0,0.0,0.0,0.0,0.0,0.0,0.0,0.0,3.0,5.0,4.24399e-314,20.5,0.1059950941046575,1.4697839229434122,-0.1948535898586151,1.0,0.296897,876.0,0.7189671490631966
62,62.0,62.0,62.0,62.0,146.0,3629.0,29.0,0.0407529971187374,0.002,0.001,0.0061455,0.002,0.001,0.0061455,0.0008,0.0004,0.004365,0.004365,0.126259,0.0,0.660265,0.033736,0.009304,0.213293,28.2365,61.7045,26.5,0.007344,0.1,0.002936,0.04,-58.3804,8.346436613432948,8.346436613432948,0.0,0.0,0.0,0.0,0.0,0.0,0.0,0.0,0.0,0.0,0.0,0.0,0.0,0.0,0.0,0.0,0.0,0.0,3.0,5.0,6.47198e-314,23.5,0.1066525936938121,2.632879116631784,-0.4748107735446237,1.0,0.101455,37.0,0.3068320159652211
63,63.0,63.0,63.0,63.0,111.0,61528.0,28.0,0.0409546755494799,0.002,0.001,0.0094163,0.002,0.001,0.0094163,0.0008,0.0004,0.00464,0.00464,0.145005,0.0,0.635799,0.020523,0.010041,0.22912,38.5898,42.7146,26.5,0.042232,0.1,0.016888,0.04,-59.3354,9.397867517780746,9.397867517780746,0.0,0.0,0.0,0.0,0.0,0.0,0.0,0.0,0.0,0.0,0.0,0.0,0.0,0.0,0.0,0.0,0.0,0.0,3.0,5.0,4.82e-321,21.0,0.3058831061882089,0.8867815666990747,0.673371669790429,3.0,0.656038,616.0,0.020218993987553
64,64.0,64.0,64.0,64.0,62.0,55193.0,93.0,0.0321494039954482,0.002,0.001,0.0167178,0.002,0.001,0.0167178,0.0008,0.0004,0.004207,0.004207,0.17112,0.0,0.435333,0.040368,0.005809,0.231387,35.1991,31.3488,26.5,0.082488,0.1,0.033,0.04,-61.3484,11.28903594345683,11.28903594345683,0.0,0.0,0.0,0.0,0.0,0.0,0.0,0.0,0.0,0.0,0.0,0.0,0.0,0.0,0.0,0.0,0.0,0.0,3.0,5.0,6.47678e-314,23.5,0.1706295830980593,1.606014226894893,0.422252460729568,2.0,0.231447,552.0,0.0132417492355489
65,65.0,65.0,65.0,65.0,22.0,80283.0,83.0,0.0464859127064507,0.002,0.001,0.0071536,0.002,0.001,0.0071536,0.0008,0.0004,0.001988,0.001988,0.144083,0.0,0.662309,0.036186,0.005064,0.17455,37.8154,40.3374,26.5,0.008248,0.1,0.003304,0.04,-58.2338,11.026607519311572,11.026607519311572,0.0,0.0,0.0,0.0,0.0,0.0,0.0,0.0,0.0,0.0,0.0,0.0,0.0,0.0,0.0,0.0,0.0,0.0,3.0,5.0,6.44384e-314,28.0,0.0727760269338087,2.9466447277979606,-0.2694938245544296,1.0,0.227216,803.0,0.1386204652642644
66,66.0,66.0,66.0,66.0,109.0,10311.0,11.0,0.0614263726735373,0.002,0.001,0.0034782,0.002,0.001,0.0034782,0.0008,0.0004,0.001997,0.001997,0.119614,0.0,0.828475,0.032487,0.006625,0.214025,40.3795,47.6198,26.5,0.084728,0.1,0.033888,0.04,-59.2775,8.952968249664647,8.952968249664647,0.0,0.0,0.0,0.0,0.0,0.0,0.0,0.0,0.0,0.0,0.0,0.0,0.0,0.0,0.0,0.0,0.0,0.0,3.0,5.0,4.24399e-314,26.5,0.0997858523544003,2.328027200351505,-0.3898264029816032,2.0,0.155561,104.0,0.0380181168833344
67,67.0,67.0,67.0,67.0,10.0,54488.0,88.0,0.0535146040133802,0.002,0.001,0.0015878,0.002,0.001,0.0015878,0.0008,0.0004,0.002781,0.002781,0.102882,0.0,0.743812,0.031797,0.007895,0.229657,53.4148,53.5411,26.5,0.009152,0.1,0.003664,0.04,-56.444,6.210854511800567,6.210854511800567,0.0,0.0,0.0,0.0,0.0,0.0,0.0,0.0,0.0,0.0,0.0,0.0,0.0,0.0,0.0,0.0,0.0,0.0,3.0,5.0,6.40835e-314,27.0,0.1835760483631612,2.6337356897109894,0.5147396170779089,3.0,0.441096,545.0,0.0852800935050192
68,68.0,68.0,68.0,68.0,137.0,1418.0,18.0,0.0315728481517818,0.002,0.001,0.0043996,0.002,0.001,0.0043996,0.0008,0.0004,0.00487,0.00487,0.113999,0.0,0.770967,0.038253,0.00856,0.223761,31.6061,40.5255,26.5,0.008544,0.1,0.003416,0.04,-56.5038,7.1867170215513525,7.1867170215513525,0.0,0.0,0.0,0.0,0.0,0.0,0.0,0.0,0.0,0.0,0.0,0.0,0.0,0.0,0.0,0.0,0.0,0.0,3.0,5.0,6.46999e-314,26.0,0.1315637755474955,3.000247570659041,-0.3996652372978048,1.0,0.10923,15.0,0.0118200516150708
69,69.0,69.0,69.0,69.0,247.0,19494.0,94.0,0.0853102200453392,0.002,0.001,0.0067864,0.002,0.001,0.0067864,0.0008,0.0004,0.002592,0.002592,0.110924,0.0,1.002,0.028103,0.006163,0.176766,32.7106,50.2881,26.5,0.008264,0.1,0.003304,0.04,-54.7026,10.13854554149182,10.13854554149182,0.0,0.0,0.0,0.0,0.0,0.0,0.0,0.0,0.0,0.0,0.0,0.0,0.0,0.0,0.0,0.0,0.0,0.0,3.0,5.0,6.40323e-314,30.0,0.1474671403596782,2.2094224306467902,0.2321378300294822,1.0,0.106308,195.0,0.0506694091133125
70,70.0,70.0,70.0,70.0,18.0,57269.0,69.0,0.070294535260391,0.002,0.001,0.0019686,0.002,0.001,0.0019686,0.0008,0.0004,0.003436,0.003436,0.1466,0.0,0.089404,0.033757,0.011329,0.170406,46.7291,50.9155,26.5,0.009272,0.1,0.003712,0.04,-58.9845,6.217285340736137,6.217285340736137,0.0,0.0,0.0,0.0,0.0,0.0,0.0,0.0,0.0,0.0,0.0,0.0,0.0,0.0,0.0,0.0,0.0,0.0,3.0,5.0,6.46968e-314,27.5,0.1911886694836547,2.1659092471406773,0.0638886948731283,3.0,0.5927370000000001,573.0,0.0666525492036146
71,71.0,71.0,71.0,71.0,173.0,97522.0,22.0,0.061132582493716,0.002,0.001,0.0033405,0.002,0.001,0.0033405,0.0008,0.0004,0.003412,0.003412,0.139778,0.0,0.632139,0.022363,0.006718,0.175432,37.5578,60.8301,26.5,0.067408,0.1,0.02696,0.04,-58.9984,7.382947010595184,7.382947010595184,0.0,0.0,0.0,0.0,0.0,0.0,0.0,0.0,0.0,0.0,0.0,0.0,0.0,0.0,0.0,0.0,0.0,0.0,3.0,5.0,6.43661e-314,29.0,0.2391638606107662,2.043736652343504,0.4819594231784854,2.0,0.686975,976.0,0.6997135356217953
72,72.0,72.0,72.0,72.0,13.0,84656.0,56.0,0.0631835942188335,0.002,0.001,0.0047634,0.002,0.001,0.0047634,0.0008,0.0004,0.001786,0.001786,0.107105,0.0,0.673192,0.034349,0.007232,0.236506,44.8273,53.3471,26.5,0.00352,0.1,0.001408,0.04,-57.8994,10.191678187467724,10.191678187467724,0.0,0.0,0.0,0.0,0.0,0.0,0.0,0.0,0.0,0.0,0.0,0.0,0.0,0.0,0.0,0.0,0.0,0.0,3.0,5.0,6.44903e-314,25.5,0.1776112049109187,1.229438922232962,0.283785196723573,2.0,0.836254,847.0,0.0570910498305433
73,73.0,73.0,73.0,73.0,169.0,60348.0,48.0,0.0566135832190886,0.002,0.001,0.0018428,0.002,0.001,0.0018428,0.0008,0.0004,0.003026,0.003026,0.084931,0.0,0.753648,0.014166,0.001688,0.22017,47.2069,51.6709,26.5,0.113744,0.1,0.045496,0.04,-57.6811,6.332609751259409,6.332609751259409,0.0,0.0,0.0,0.0,0.0,0.0,0.0,0.0,0.0,0.0,0.0,0.0,0.0,0.0,0.0,0.0,0.0,0.0,3.0,5.0,2.3312400000000002e-219,32.5,0.2735698951612403,1.748353529156737,0.6650191494630019,2.0,0.515208,604.0,0.168987641957839
74,74.0,74.0,74.0,74.0,184.0,59439.0,39.0,0.040802016808365,0.002,0.001,0.0104142,0.002,0.001,0.0104142,0.0008,0.0004,0.000972,0.000972,0.141757,0.0,0.404357,0.070625,0.004126,0.331394,37.1422,19.0444,26.5,0.010888,0.1,0.004352,0.04,-59.0911,13.341171981545086,13.341171981545086,0.0,0.0,0.0,0.0,0.0,0.0,0.0,0.0,0.0,0.0,0.0,0.0,0.0,0.0,0.0,0.0,0.0,0.0,3.0,5.0,6.48381e-314,32.5,0.0685536210506779,1.786360669311127,-0.242806862930911,4.0,0.865813,595.0,0.8969086100815372
75,75.0,75.0,75.0,75.0,250.0,63637.0,37.0,0.0329890143177041,0.002,0.001,0.0055114,0.002,0.001,0.0055114,0.0008,0.0004,0.00124,0.00124,0.092693,0.0,0.54554,0.039026,0.002674,0.203173,29.6027,86.5829,26.5,0.006312,0.1,0.002528,0.04,-56.0317,11.574469820921813,11.574469820921813,0.0,0.0,0.0,0.0,0.0,0.0,0.0,0.0,0.0,0.0,0.0,0.0,0.0,0.0,0.0,0.0,0.0,0.0,3.0,5.0,6.41529e-314,31.0,0.1808825284589006,2.4929025556136453,0.1682569750243804,3.0,0.624473,637.0,0.0119394527825471
76,76.0,76.0,76.0,76.0,205.0,121032.0,32.0,0.0632168285177928,0.002,0.001,0.0048824,0.002,0.001,0.0048824,0.0008,0.0004,0.005383,0.005383,0.120098,0.0,1.22646,0.020249,0.008393,0.208448,45.699,57.0971,26.5,0.004096,0.1,0.00164,0.04,-58.6167,7.1962442792687895,7.1962442792687895,0.0,0.0,0.0,0.0,0.0,0.0,0.0,0.0,0.0,0.0,0.0,0.0,0.0,0.0,0.0,0.0,0.0,0.0,3.0,5.0,4.11e-321,30.5,0.2213258826437467,2.609907186267648,0.2769782658408919,3.0,1.128434,1211.0,0.2325026466536214
77,77.0,77.0,77.0,77.0,194.0,99415.0,15.0,0.0800575007986676,0.002,0.001,0.0039729,0.002,0.001,0.0039729,0.0008,0.0004,0.002127,0.002127,0.129073,0.0,0.726824,0.045847,0.003711,0.183075,56.2391,66.5151,26.5,0.00708,0.1,0.002832,0.04,-54.7356,9.155956415289978,9.155956415289978,0.0,0.0,0.0,0.0,0.0,0.0,0.0,0.0,0.0,0.0,0.0,0.0,0.0,0.0,0.0,0.0,0.0,0.0,3.0,5.0,0.0,32.0,0.2325673658268328,1.92399400262828,2.23208251074186,2.0,0.356736,995.0,0.2906389407158214
78,78.0,78.0,78.0,78.0,133.0,16929.0,29.0,0.0323519040220582,0.002,0.001,0.0033184,0.002,0.001,0.0033184,0.0008,0.0004,0.000745,0.000745,0.150022,0.0,0.826401,0.048194,0.005129,0.206697,42.8819,25.4254,26.5,0.096568,0.1,0.038624,0.04,-58.1414,11.579822604609395,11.579822604609395,0.0,0.0,0.0,0.0,0.0,0.0,0.0,0.0,0.0,0.0,0.0,0.0,0.0,0.0,0.0,0.0,0.0,0.0,3.0,5.0,6.43667e-314,32.0,0.1451101826034929,2.027685076413781,0.1666253883008864,1.0,0.09208,170.0,0.6370641599813553
79,79.0,79.0,79.0,79.0,138.0,96115.0,15.0,0.0681145524581686,0.002,0.001,0.0024327,0.002,0.001,0.0024327,0.0008,0.0004,0.001247,0.001247,0.120866,0.0,0.518935,0.036423,0.006025,0.21723,37.2291,45.6106,26.5,0.105368,0.1,0.042144,0.04,-56.7504,9.282666697945162,9.282666697945162,0.0,0.0,0.0,0.0,0.0,0.0,0.0,0.0,0.0,0.0,0.0,0.0,0.0,0.0,0.0,0.0,0.0,0.0,3.0,5.0,0.0,31.5,0.2931477509335349,1.7655691548594232,1.0163686986550062,2.0,0.655368,962.0,0.4213341007946707
80,80.0,80.0,80.0,80.0,132.0,119289.0,89.0,0.0255019545777495,0.002,0.001,0.0081396,0.002,0.001,0.0081396,0.0008,0.0004,0.005075,0.005075,0.136636,0.0,0.502742,0.049588,0.006761,0.275949,26.7491,63.6767,26.5,0.012032,0.1,0.004816,0.04,-55.8405,8.715476314711132,8.715476314711132,0.0,0.0,0.0,0.0,0.0,0.0,0.0,0.0,0.0,0.0,0.0,0.0,0.0,0.0,0.0,0.0,0.0,0.0,3.0,5.0,6.44485e-314,32.5,0.2045055192106342,2.689369749618939,0.5370644930032489,2.0,0.555882,1193.0,0.2528287999129441
81,81.0,81.0,81.0,81.0,31.0,28330.0,30.0,0.0760431980752907,0.002,0.001,0.0038284,0.002,0.001,0.0038284,0.0008,0.0004,0.003582,0.003582,0.132607,0.0,0.48462,0.031715,0.003074,0.170631,39.488,68.2982,26.5,0.061136,0.1,0.024456,0.04,-59.253,7.604706701640857,7.604706701640857,0.0,0.0,0.0,0.0,0.0,0.0,0.0,0.0,0.0,0.0,0.0,0.0,0.0,0.0,0.0,0.0,0.0,0.0,3.0,5.0,6.40968e-314,33.0,0.0616010553511904,1.7216693344710612,0.0311283107398128,3.0,0.371271,284.0,0.3241318187960151
82,82.0,82.0,82.0,82.0,158.0,9189.0,89.0,0.0420631976475514,0.002,0.001,0.0068408,0.002,0.001,0.0068408,0.0008,0.0004,0.000682,0.000682,0.120139,0.0,1.16433,0.024393,0.007597,0.213285,27.5197,63.0301,26.5,0.064664,0.1,0.025864,0.04,-58.9148,13.239109568343991,13.239109568343991,0.0,0.0,0.0,0.0,0.0,0.0,0.0,0.0,0.0,0.0,0.0,0.0,0.0,0.0,0.0,0.0,0.0,0.0,3.0,5.0,6.41057e-314,31.5,0.0651286277666253,2.2394668665972626,-0.3359121239067497,1.0,0.093176,92.0,0.7848984599183965
83,83.0,83.0,83.0,83.0,135.0,124666.0,66.0,0.0164275911089837,0.002,0.001,0.0066079,0.002,0.001,0.0066079,0.0008,0.0004,0.001201,0.001201,0.104895,0.0,0.865339,0.022832,0.004763,0.267014,40.1763,74.4453,26.5,0.005072,0.1,0.002024,0.04,-57.4691,12.083155576338113,12.083155576338113,0.0,0.0,0.0,0.0,0.0,0.0,0.0,0.0,0.0,0.0,0.0,0.0,0.0,0.0,0.0,0.0,0.0,0.0,3.0,5.0,6.4742e-314,36.5,0.2500899003365778,2.8717071566649564,1.131318278086877,1.0,0.296571,1247.0,1.342910728805551
84,84.0,84.0,84.0,84.0,119.0,88466.0,66.0,0.0663365751252425,0.002,0.001,0.0112149,0.002,0.001,0.0112149,0.0008,0.0004,0.002358,0.002358,0.164476,0.0,0.492293,0.063415,0.003637,0.233065,33.9976,32.4784,26.5,0.013296,0.1,0.00532,0.04,-55.2139,11.74110256625484,11.74110256625484,0.0,0.0,0.0,0.0,0.0,0.0,0.0,0.0,0.0,0.0,0.0,0.0,0.0,0.0,0.0,0.0,0.0,0.0,3.0,5.0,6.40561e-314,36.0,0.1802158988136002,3.503872718068504,0.4963085037336134,1.0,0.389319,885.0,0.9300363819758576
85,85.0,85.0,85.0,85.0,231.0,27175.0,75.0,0.0156659188816086,0.002,0.001,0.0019499,0.002,0.001,0.0019499,0.0008,0.0004,0.001863,0.001863,0.116243,0.0,1.01201,0.018111,0.00715,0.264215,23.09,66.7523,26.5,0.039392,0.1,0.01576,0.04,-59.1184,7.551069369246948,7.551069369246948,0.0,0.0,0.0,0.0,0.0,0.0,0.0,0.0,0.0,0.0,0.0,0.0,0.0,0.0,0.0,0.0,0.0,0.0,3.0,5.0,6.43737e-314,37.0,0.0524330725941259,2.516877899643915,-0.3207876265405331,3.0,0.103284,272.0,2.047194506461751
86,86.0,86.0,86.0,86.0,67.0,59628.0,28.0,0.0507590323303059,0.002,0.001,0.0041667,0.002,0.001,0.0041667,0.0008,0.0004,0.001215,0.001215,0.060144,0.0,0.759276,0.028552,0.004413,0.338173,42.588,34.5166,26.5,0.007912,0.1,0.00316,0.04,-56.8612,10.89648985035247,10.89648985035247,0.0,0.0,0.0,0.0,0.0,0.0,0.0,0.0,0.0,0.0,0.0,0.0,0.0,0.0,0.0,0.0,0.0,0.0,3.0,5.0,4.82e-321,36.5,0.0687414592099577,2.3996684330449494,0.1300465218943141,2.0,0.377051,597.0,0.785407104650156
87,87.0,87.0,87.0,87.0,32.0,118040.0,40.0,0.0652792128523526,0.002,0.001,0.0034646,0.002,0.001,0.0034646,0.0008,0.0004,0.00747,0.00747,0.12408,0.0,0.385039,0.01836,0.002122,0.261265,54.5383,61.9532,26.5,0.007624,0.1,0.003048,0.04,-58.0207,5.852840175720941,5.852840175720941,0.0,0.0,0.0,0.0,0.0,0.0,0.0,0.0,0.0,0.0,0.0,0.0,0.0,0.0,0.0,0.0,0.0,0.0,3.0,5.0,6.44043e-314,41.5,0.1824617230482969,3.010667342300574,0.3768542096945579,1.0,0.456195,1181.0,1.2794491236200032
88,88.0,88.0,88.0,88.0,213.0,95852.0,52.0,0.0730420111773403,0.002,0.001,0.0104618,0.002,0.001,0.0104618,0.0008,0.0004,0.000858,0.000858,0.14785,0.0,1.42988,0.011452,0.003936,0.176148,60.2873,48.6699,26.5,0.003336,0.1,0.001336,0.04,-57.8802,13.527882299583217,13.527882299583217,0.0,0.0,0.0,0.0,0.0,0.0,0.0,0.0,0.0,0.0,0.0,0.0,0.0,0.0,0.0,0.0,0.0,0.0,3.0,5.0,6.4145e-314,40.5,0.2238928835907213,3.292203562395338,0.6560812727279477,2.0,0.491775,959.0,0.8738708289591678
89,89.0,89.0,89.0,89.0,98.0,30834.0,34.0,0.0712501138812736,0.002,0.001,0.0066504,0.002,0.001,0.0066504,0.0008,0.0004,0.000937,0.000937,0.161999,0.0,0.533261,0.017662,0.006696,0.267969,48.4125,47.0551,26.5,0.00324,0.1,0.001296,0.04,-57.7648,12.623931477136962,12.623931477136962,0.0,0.0,0.0,0.0,0.0,0.0,0.0,0.0,0.0,0.0,0.0,0.0,0.0,0.0,0.0,0.0,0.0,0.0,3.0,5.0,6.47436e-314,43.5,0.0595513429711684,3.1161714535005176,-0.2500089866592993,3.0,0.326999,309.0,1.593704645053729
90,90.0,90.0,90.0,90.0,29.0,30834.0,34.0,0.0233644255764512,0.002,0.001,0.0018734,0.002,0.001,0.0018734,0.0008,0.0004,0.003964,0.003964,0.161999,0.0,0.533261,0.017662,0.006696,0.267969,48.4125,47.0551,26.5,0.00324,0.1,0.001296,0.04,-57.7648,5.8831057441071,5.8831057441071,0.0,0.0,0.0,0.0,0.0,0.0,0.0,0.0,0.0,0.0,0.0,0.0,0.0,0.0,0.0,0.0,0.0,0.0,3.0,5.0,6.47436e-314,43.5,0.0595513429711684,3.1161714535005176,-0.2500089866592993,3.0,0.326999,309.0,1.8548814497667747
91,91.0,91.0,91.0,91.0,130.0,117968.0,68.0,0.068600633285253,0.002,0.001,0.0065263,0.002,0.001,0.0065263,0.0008,0.0004,0.002858,0.002858,0.140418,0.0,0.647155,0.018751,0.00592,0.249149,30.5943,36.6235,26.5,0.05548,0.1,0.022192,0.04,-54.9274,9.742242159510612,9.742242159510612,0.0,0.0,0.0,0.0,0.0,0.0,0.0,0.0,0.0,0.0,0.0,0.0,0.0,0.0,0.0,0.0,0.0,0.0,3.0,5.0,0.0,43.0,0.2086257579964538,3.3817687577219364,0.6280674496845148,2.0,0.745107,1180.0,0.0308219769328872
92,92.0,92.0,92.0,92.0,38.0,56721.0,21.0,0.0351397295571177,0.002,0.001,0.0102952,0.002,0.001,0.0102952,0.0008,0.0004,0.001147,0.001147,0.121587,0.0,1.11313,0.034328,0.004248,0.261319,41.9075,43.1078,26.5,0.063352,0.1,0.025344,0.04,-57.0352,13.056315782921336,13.056315782921336,0.0,0.0,0.0,0.0,0.0,0.0,0.0,0.0,0.0,0.0,0.0,0.0,0.0,0.0,0.0,0.0,0.0,0.0,3.0,5.0,4.28122e-314,43.0,0.2467094223085079,3.942128612041759,0.3233810937975055,1.0,0.192496,568.0,0.6944170819787014
93,93.0,93.0,93.0,93.0,30.0,93033.0,33.0,0.0144194736921698,0.002,0.001,0.0017221,0.002,0.001,0.0017221,0.0008,0.0004,0.000369,0.000369,0.138261,0.0,0.057768,0.008482,0.005689,0.339698,35.4357,50.7858,26.5,0.009608,0.1,0.00384,0.04,-59.639,11.69500591212723,11.69500591212723,0.0,0.0,0.0,0.0,0.0,0.0,0.0,0.0,0.0,0.0,0.0,0.0,0.0,0.0,0.0,0.0,0.0,0.0,3.0,5.0,6.4692e-314,47.5,0.0723505622760024,2.9793317366239247,-0.2603603944459762,2.0,0.502013,931.0,2.0910436254798257
94,94.0,94.0,94.0,94.0,248.0,64086.0,86.0,0.026702160380782,0.002,0.001,0.0071264,0.002,0.001,0.0071264,0.0008,0.0004,0.000601,0.000601,0.183054,0.0,1.02961,0.000688,0.009043,0.179669,52.8971,50.3408,26.5,0.005912,0.1,0.002368,0.04,-58.8162,13.489051972717645,13.489051972717645,0.0,0.0,0.0,0.0,0.0,0.0,0.0,0.0,0.0,0.0,0.0,0.0,0.0,0.0,0.0,0.0,0.0,0.0,3.0,5.0,6.47175e-314,46.0,0.2003419987265776,3.595305348055469,0.538009903654009,2.0,0.379016,641.0,0.1564169288636622
95,95.0,95.0,95.0,95.0,243.0,62649.0,49.0,0.0429952032784168,0.002,0.001,0.0031076,0.002,0.001,0.0031076,0.0008,0.0004,0.007051,0.007051,0.18772,0.0,0.790499,0.027088,0.009039,0.237393,60.3368,63.8473,26.5,0.013688,0.1,0.005472,0.04,-55.3432,5.772772693485653,5.772772693485653,0.0,0.0,0.0,0.0,0.0,0.0,0.0,0.0,0.0,0.0,0.0,0.0,0.0,0.0,0.0,0.0,0.0,0.0,3.0,5.0,6.41506e-314,51.0,0.0962337273531502,3.3291393346230715,-0.0690350466010926,3.0,0.55748,627.0,0.7522040556258769
96,96.0,96.0,96.0,96.0,238.0,26520.0,20.0,0.0327117338265695,0.002,0.001,0.0117538,0.002,0.001,0.0117538,0.0008,0.0004,0.006302,0.006302,0.138024,0.0,0.636181,0.024759,0.003806,0.300513,47.771,32.9172,26.5,0.078952,0.1,0.031584,0.04,-58.2612,9.15166513270713,9.15166513270713,0.0,0.0,0.0,0.0,0.0,0.0,0.0,0.0,0.0,0.0,0.0,0.0,0.0,0.0,0.0,0.0,0.0,0.0,3.0,5.0,6.47098e-314,53.5,0.0689942432579516,3.18614377365514,-0.113292180104619,1.0,0.053291,266.0,10.302219548349134
97,97.0,97.0,97.0,97.0,80.0,27748.0,48.0,0.0099247861333012,0.002,0.001,0.0147611,0.002,0.001,0.0147611,0.0008,0.0004,0.003642,0.003642,0.138138,0.0,0.75301,0.028231,0.000247,0.326825,39.5661,42.7387,26.5,0.053712,0.1,0.021488,0.04,-56.85,11.340203259434697,11.340203259434697,0.0,0.0,0.0,0.0,0.0,0.0,0.0,0.0,0.0,0.0,0.0,0.0,0.0,0.0,0.0,0.0,0.0,0.0,3.0,5.0,-1.7897600000000002e+53,59.5,0.1538792547065364,3.8514700819605134,0.6364131201471231,2.0,0.230728,278.0,16.05305261538638
98,98.0,98.0,98.0,98.0,117.0,43588.0,88.0,0.06710873232477,0.002,0.001,0.0082637,0.002,0.001,0.0082637,0.0008,0.0004,0.00043,0.00043,0.107309,0.0,0.713701,0.031538,0.009261,0.168477,38.2209,67.9345,26.5,0.081352,0.1,0.032544,0.04,-58.4093,14.055991471519281,14.055991471519281,0.0,0.0,0.0,0.0,0.0,0.0,0.0,0.0,0.0,0.0,0.0,0.0,0.0,0.0,0.0,0.0,0.0,0.0,3.0,5.0,6.47618e-314,12.5,0.2725913473417835,0.4052866646416463,0.5846549612211338,3.0,0.484799,436.0,0.0081467649532005
99,99.0,99.0,99.0,99.0,194.0,99415.0,15.0,0.0747580057076668,0.002,0.001,0.004284,0.002,0.001,0.004284,0.0008,0.0004,0.002859,0.002859,0.129073,0.0,0.726824,0.045847,0.003711,0.183075,56.2391,66.5151,26.5,0.00708,0.1,0.002832,0.04,-54.7356,8.521776991145208,8.521776991145208,0.0,0.0,0.0,0.0,0.0,0.0,0.0,0.0,0.0,0.0,0.0,0.0,0.0,0.0,0.0,0.0,0.0,0.0,3.0,5.0,0.0,32.0,0.2325673658268328,1.92399400262828,2.23208251074186,2.0,0.356736,995.0,0.2906389407158214
