,Unnamed: 0.6,Unnamed: 0.5,Unnamed: 0.4,Unnamed: 0.3,Unnamed: 0.2,Unnamed: 0.1,Unnamed: 0,gTON_STN_MEAN_nS_pF,gTON_STN_SIGMA,gTON_STN_THETA,gTON_CL_S_MEAN_nS_pF,gTON_CL_S_SIGMA,gTON_CL_S_THETA,gTON_CL_D_MEAN_nS_pF,gTON_CL_D_SIGMA,gTON_CL_D_THETA,gKCC2_S_nS_pF,gKCC2_D_nS_pF,gTRPC3_nS_pF,gHCN_nS_pF,gCA_nS_pF,gL_nS_pF,gSK_nS_pF,gNAP_nS_pF,gNAF_nS_pF,gKDR_nS_pF,gSD_nS,soma_noise_intensity,soma_noise_intensity_theta,dend_noise_intensity,dend_noise_intensity_theta,Eleak_mV,CL_in_S,CL_in_D,Iapp,Iapp_dend,gpe_stim,gpe_stim_freqs,gpe_poisson,W_gpe,gpe_start_time,gpe_base_length,gpe_stim_length,gpe_post_length,str_stim,str_stim_freqs,str_poisson,W_str,str_start_time,str_base_length,str_stim_length,str_post_length,tausyn,tauexc,tausyn_dend,pre_exp_fr,pre_exp_cv,pre_exp_fr_zscore,pre_exp_cv_zscore,connections,total_weight,sim,rel_error
0,0.0,0.0,0.0,0.0,129.0,100410.0,10.0,0.0108833885225413,0.01,0.001,0.0027094,0.01,0.001,0.0027094,0.004,0.0004,0.008546,0.008546,0.171525,0.0,0.78543,0.077307,0.009171,0.258877,15.1649,50.7399,26.5,0.12448,0.1,0.04976,0.04,-60.5516,5.3250796103014775,5.3250796103014775,0.0,0.0,0.0,0.0,0.0,0.0,0.0,0.0,0.0,0.0,0.0,0.0,0.0,0.0,0.0,0.0,0.0,0.0,3.0,5.0,1e-323,2.0,0.2510161869900741,-0.5500417121811177,0.8460911995902759,2.0,0.815914,1005.0,0.0018187091584212
1,1.0,1.0,1.0,1.0,223.0,48987.0,87.0,0.0097319195013405,0.01,0.001,0.0151731,0.01,0.001,0.0151731,0.004,0.0004,0.002358,0.002358,0.092705,0.0,0.430305,0.048689,0.008068,0.169934,31.1721,38.8836,26.5,0.48416,0.1,0.19368,0.04,-57.8398,12.424534374757677,12.424534374757677,0.0,0.0,0.0,0.0,0.0,0.0,0.0,0.0,0.0,0.0,0.0,0.0,0.0,0.0,0.0,0.0,0.0,0.0,3.0,5.0,6.44555e-314,4.0,0.3617382682855741,-0.5472940684483523,1.1759202138682998,3.0,0.67847,490.0,0.0782889064418901
2,2.0,2.0,2.0,2.0,221.0,104463.0,63.0,0.0082895199432695,0.01,0.001,0.0045195,0.01,0.001,0.0045195,0.004,0.0004,0.003412,0.003412,0.090832,0.0,0.7338,0.042583,0.009785,0.183954,38.1829,51.1943,26.5,0.07432,0.1,0.0297599999999999,0.04,-56.615,8.177153783119172,8.177153783119172,0.0,0.0,0.0,0.0,0.0,0.0,0.0,0.0,0.0,0.0,0.0,0.0,0.0,0.0,0.0,0.0,0.0,0.0,3.0,5.0,6.43617e-314,4.0,0.0705989198123984,-1.0087926415777893,-0.8299131407662823,2.0,0.846957,1045.0,0.0061029615368163
3,3.0,3.0,3.0,3.0,150.0,78859.0,59.0,0.0107244479236113,0.01,0.001,0.0021482,0.01,0.001,0.0021482,0.004,0.0004,0.002781,0.002781,0.09451,0.0,0.533496,0.03053,0.007169,0.115043,12.8204,60.4706,26.5,0.08768,0.1,0.03504,0.04,-55.5179,6.825357489906958,6.825357489906958,0.0,0.0,0.0,0.0,0.0,0.0,0.0,0.0,0.0,0.0,0.0,0.0,0.0,0.0,0.0,0.0,0.0,0.0,3.0,5.0,6.48281e-314,3.0,0.3560571026154536,-0.90280820983851,1.1003922868336986,2.0,0.651833,789.0,0.0776641284698416
4,4.0,4.0,4.0,4.0,61.0,89698.0,98.0,0.0113962846782849,0.01,0.001,0.0061295,0.01,0.001,0.0061295,0.004,0.0004,0.005734,0.005734,0.044133,0.0,0.809074,0.025437,0.011965,0.163143,41.0137,64.4101,26.5,0.06832,0.1,0.02736,0.04,-61.0014,7.605154682965599,7.605154682965599,0.0,0.0,0.0,0.0,0.0,0.0,0.0,0.0,0.0,0.0,0.0,0.0,0.0,0.0,0.0,0.0,0.0,0.0,3.0,5.0,0.0,2.5,0.052821874679596,-0.7767360365327276,-0.5980756794776787,2.0,0.5510539999999999,897.0,0.1970366442995458
5,5.0,5.0,5.0,5.0,197.0,58161.0,61.0,0.0079970291364356,0.01,0.001,0.015318,0.01,0.001,0.015318,0.004,0.0004,0.001314,0.001314,0.102077,0.0,0.656789,0.037469,0.005557,0.235087,18.626,55.3847,26.5,0.90008,0.1,0.36,0.04,-59.3461,13.464991426293956,13.464991426293956,0.0,0.0,0.0,0.0,0.0,0.0,0.0,0.0,0.0,0.0,0.0,0.0,0.0,0.0,0.0,0.0,0.0,0.0,3.0,5.0,4.25287e-314,3.5,0.2052738035614249,-0.6658263976270694,0.3880631632932877,2.0,0.401877,582.0,0.0070577079726187
6,6.0,6.0,6.0,6.0,188.0,58164.0,64.0,0.0057715849709068,0.01,0.001,0.0170315,0.01,0.001,0.0170315,0.004,0.0004,0.001279,0.001279,0.074683,0.0,0.636782,0.044076,0.010724,0.15529,50.4488,63.0627,26.5,0.61384,0.1,0.24552,0.04,-60.5303,13.645266217109096,13.645266217109096,0.0,0.0,0.0,0.0,0.0,0.0,0.0,0.0,0.0,0.0,0.0,0.0,0.0,0.0,0.0,0.0,0.0,0.0,3.0,5.0,3.14384e-319,3.0,0.1471589176676803,-0.7329459941620562,0.0061029771133743,2.0,0.090351,582.0,0.0240742555080489
7,7.0,7.0,7.0,7.0,134.0,83141.0,41.0,0.0142058845565041,0.01,0.001,0.0050899,0.01,0.001,0.0050899,0.004,0.0004,0.002352,0.002352,0.106711,0.0,0.613854,0.048737,0.006151,0.126082,32.6539,48.2419,26.5,1.04728,0.1,0.41888,0.04,-59.5337,9.585539612744043,9.585539612744043,0.0,0.0,0.0,0.0,0.0,0.0,0.0,0.0,0.0,0.0,0.0,0.0,0.0,0.0,0.0,0.0,0.0,0.0,3.0,5.0,6.43493e-314,1.5,0.3396957864020186,-1.2288385601237133,1.1028568221413688,6.0,1.429099,832.0,0.0350690184902967
8,8.0,8.0,8.0,8.0,183.0,100149.0,49.0,0.0119463193033479,0.01,0.001,0.0143911,0.01,0.001,0.0143911,0.004,0.0004,0.002945,0.002945,0.160002,0.0,0.499531,0.046096,0.009387,0.165796,30.4724,38.8417,26.5,0.78696,0.1,0.3148,0.04,-58.2929,11.8063884814907,11.8063884814907,0.0,0.0,0.0,0.0,0.0,0.0,0.0,0.0,0.0,0.0,0.0,0.0,0.0,0.0,0.0,0.0,0.0,0.0,3.0,5.0,6.44635e-314,4.5,0.4096910142616522,-0.3922539140480572,1.4586193589853491,2.0,0.7943830000000001,1002.0,0.0018205478575616
9,9.0,9.0,9.0,9.0,102.0,1853.0,53.0,0.0139217059507497,0.01,0.001,0.0056373,0.01,0.001,0.0056373,0.004,0.0004,0.001215,0.001215,0.086169,0.0,0.798471,0.036765,0.008085,0.171093,33.7487,47.2315,26.5,0.0881599999999999,0.1,0.03528,0.04,-57.287,11.680702653941376,11.680702653941376,0.0,0.0,0.0,0.0,0.0,0.0,0.0,0.0,0.0,0.0,0.0,0.0,0.0,0.0,0.0,0.0,0.0,0.0,3.0,5.0,4.26863e-314,8.5,0.1154294022543187,0.0809781793206134,-0.3109615887683641,2.0,0.227193,19.0,0.0083678699331265
10,10.0,10.0,10.0,10.0,156.0,71137.0,37.0,0.0064422382015541,0.01,0.001,0.0053843,0.01,0.001,0.0053843,0.004,0.0004,0.001152,0.001152,0.097204,0.0,0.747414,0.03819,0.009838,0.194663,36.0366,51.5338,26.5,0.80056,0.1,0.3202399999999999,0.04,-55.9385,11.698635255380276,11.698635255380276,0.0,0.0,0.0,0.0,0.0,0.0,0.0,0.0,0.0,0.0,0.0,0.0,0.0,0.0,0.0,0.0,0.0,0.0,3.0,5.0,6.44739e-314,9.5,0.2824409159624964,0.188819648256702,0.3690583864324014,3.0,0.886979,712.0,0.0082042934133776
11,11.0,11.0,11.0,11.0,122.0,75850.0,50.0,0.0108782806945051,0.01,0.001,0.0113068,0.01,0.001,0.0113068,0.004,0.0004,0.000959,0.000959,0.12274,0.0,0.391837,0.04124,0.010711,0.129274,39.0439,48.4102,26.5,0.06536,0.1,0.02616,0.04,-56.399,13.48102737067802,13.48102737067802,0.0,0.0,0.0,0.0,0.0,0.0,0.0,0.0,0.0,0.0,0.0,0.0,0.0,0.0,0.0,0.0,0.0,0.0,3.0,5.0,4.24544e-314,8.5,0.4780396929864523,-0.0688713525107662,1.775647028339732,1.0,0.432949,759.0,2.9392843788103915e-05
12,12.0,12.0,12.0,12.0,151.0,75615.0,15.0,0.0125528618067391,0.01,0.001,0.0140898,0.01,0.001,0.0140898,0.004,0.0004,0.000972,0.000972,0.122829,0.0,0.51575,0.049081,0.008338,0.211983,43.2186,56.8005,26.5,0.09368,0.1,0.03752,0.04,-56.6847,13.751133801311202,13.751133801311202,0.0,0.0,0.0,0.0,0.0,0.0,0.0,0.0,0.0,0.0,0.0,0.0,0.0,0.0,0.0,0.0,0.0,0.0,3.0,5.0,0.0,9.0,0.3725361130790491,-0.1477942860075781,0.9943932815425996,3.0,0.872954,757.0,0.0084398847678001
13,13.0,13.0,13.0,13.0,167.0,42252.0,52.0,0.0158538122602504,0.01,0.001,0.0113735,0.01,0.001,0.0113735,0.004,0.0004,0.000484,0.000484,0.112891,0.0,0.732641,0.044424,0.00803,0.146116,44.1692,53.0108,26.5,0.07944,0.1,0.03176,0.04,-57.7285,14.233983069699105,14.233983069699105,0.0,0.0,0.0,0.0,0.0,0.0,0.0,0.0,0.0,0.0,0.0,0.0,0.0,0.0,0.0,0.0,0.0,0.0,3.0,5.0,6.41321e-314,8.5,0.494507504299548,-0.1418973249540882,1.3162429017963329,2.0,0.240822,423.0,0.0083864631114698
14,14.0,14.0,14.0,14.0,89.0,74804.0,4.0,0.0107521805156026,0.01,0.001,0.013018,0.01,0.001,0.013018,0.004,0.0004,0.00071,0.00071,0.096489,0.0,0.655395,0.04531,0.009221,0.16168,41.1366,52.1033,26.5,0.0832,0.1,0.03328,0.04,-55.8911,14.009875294539693,14.009875294539693,0.0,0.0,0.0,0.0,0.0,0.0,0.0,0.0,0.0,0.0,0.0,0.0,0.0,0.0,0.0,0.0,0.0,0.0,3.0,5.0,0.0,7.0,0.3495862436722388,-0.0164055077626972,1.627848448769258,3.0,0.952438,749.0,0.0177092187246343
15,15.0,15.0,15.0,15.0,97.0,102394.0,94.0,0.0167011727355273,0.01,0.001,0.0066884,0.01,0.001,0.0066884,0.004,0.0004,0.000994,0.000994,0.112145,0.0,0.707563,0.03049,0.010409,0.17571,36.0426,54.3682,26.5,0.75312,0.1,0.30128,0.04,-60.7226,12.516791296132249,12.516791296132249,0.0,0.0,0.0,0.0,0.0,0.0,0.0,0.0,0.0,0.0,0.0,0.0,0.0,0.0,0.0,0.0,0.0,0.0,3.0,5.0,6.47327e-314,8.0,0.2531674228492009,-0.218622931393375,0.5495789551185586,1.0,0.375307,1024.0,0.0039239489357266
16,16.0,16.0,16.0,16.0,15.0,103745.0,45.0,0.0080855480528351,0.01,0.001,0.0023667,0.01,0.001,0.0023667,0.004,0.0004,0.004292,0.004292,0.10326,0.0,0.677797,0.039555,0.008847,0.149091,38.5793,40.4266,26.5,0.86944,0.1,0.34776,0.04,-57.1206,6.147289449607714,6.147289449607714,0.0,0.0,0.0,0.0,0.0,0.0,0.0,0.0,0.0,0.0,0.0,0.0,0.0,0.0,0.0,0.0,0.0,0.0,3.0,5.0,0.0,8.5,0.2896728434639072,0.0929826880266719,1.1388045429097051,1.0,0.40011,1038.0,0.007382733772461
17,17.0,17.0,17.0,17.0,242.0,101264.0,64.0,0.0098582265682774,0.01,0.001,0.0071139,0.01,0.001,0.0071139,0.004,0.0004,0.000731,0.000731,0.098683,0.0,0.710446,0.042193,0.009053,0.158258,31.4235,53.4951,26.5,0.0856,0.1,0.03424,0.04,-58.816,13.190718397488752,13.190718397488752,0.0,0.0,0.0,0.0,0.0,0.0,0.0,0.0,0.0,0.0,0.0,0.0,0.0,0.0,0.0,0.0,0.0,0.0,3.0,5.0,3.14384e-319,6.5,0.1179341149823996,-0.7103791575335612,-0.3601692531625181,1.0,0.354322,1013.0,0.0036510233765261
18,18.0,18.0,18.0,18.0,147.0,15971.0,71.0,0.0139922006632171,0.01,0.001,0.0074566,0.01,0.001,0.0074566,0.004,0.0004,0.00124,0.00124,0.130229,0.0,0.845157,0.039258,0.009076,0.160524,32.49,37.8645,26.5,0.98096,0.1,0.3923999999999999,0.04,-57.7729,12.28032635428186,12.28032635428186,0.0,0.0,0.0,0.0,0.0,0.0,0.0,0.0,0.0,0.0,0.0,0.0,0.0,0.0,0.0,0.0,0.0,0.0,3.0,5.0,4.26683e-314,13.5,0.1779471608211121,0.6892917961675734,-0.0043208840240037,1.0,0.109984,160.0,0.0582987287684869
19,19.0,19.0,19.0,19.0,181.0,4182.0,82.0,0.0070307564359776,0.01,0.001,0.0154974,0.01,0.001,0.0154974,0.004,0.0004,0.002966,0.002966,0.088918,0.0,0.70937,0.037866,0.008004,0.191805,39.1543,56.2533,26.5,0.9104,0.1,0.36416,0.04,-57.9234,11.964509969251797,11.964509969251797,0.0,0.0,0.0,0.0,0.0,0.0,0.0,0.0,0.0,0.0,0.0,0.0,0.0,0.0,0.0,0.0,0.0,0.0,3.0,5.0,6.47758e-314,10.5,0.176292471497847,0.5799926735248576,-0.2080246074023296,1.0,0.102979,42.0,0.0207079786065759
20,20.0,20.0,20.0,20.0,26.0,61006.0,6.0,0.0125307149453595,0.01,0.001,0.0022655,0.01,0.001,0.0022655,0.004,0.0004,0.000322,0.000322,0.107612,0.0,0.49744,0.038593,0.012606,0.205416,34.2086,51.1983,26.5,0.09256,0.1,0.03704,0.04,-54.8263,12.606587858460639,12.606587858460639,0.0,0.0,0.0,0.0,0.0,0.0,0.0,0.0,0.0,0.0,0.0,0.0,0.0,0.0,0.0,0.0,0.0,0.0,3.0,5.0,0.0,11.5,0.0793573006786904,0.423548662576226,-0.0486815412663126,1.0,0.137736,611.0,0.0383820043228952
21,21.0,21.0,21.0,21.0,216.0,12499.0,99.0,0.0101712406393059,0.01,0.001,0.0127075,0.01,0.001,0.0127075,0.004,0.0004,0.004808,0.004808,0.090098,0.0,0.738179,0.040877,0.00875,0.174312,43.957,30.5623,26.5,0.05672,0.1,0.02272,0.04,-56.1126,10.16562887949021,10.16562887949021,0.0,0.0,0.0,0.0,0.0,0.0,0.0,0.0,0.0,0.0,0.0,0.0,0.0,0.0,0.0,0.0,0.0,0.0,3.0,5.0,2.12725e-314,11.5,0.1682809982308427,0.3461069019321245,0.0153514841665969,1.0,0.115171,125.0,0.0807423050556524
22,22.0,22.0,22.0,22.0,192.0,101332.0,32.0,0.0094960404870398,0.01,0.001,0.0094737,0.01,0.001,0.0094737,0.004,0.0004,0.001189,0.001189,0.118599,0.0,0.667799,0.039405,0.010344,0.148101,35.7266,51.0389,26.5,0.71992,0.1,0.288,0.04,-56.3912,12.844856452159986,12.844856452159986,0.0,0.0,0.0,0.0,0.0,0.0,0.0,0.0,0.0,0.0,0.0,0.0,0.0,0.0,0.0,0.0,0.0,0.0,3.0,5.0,4.11e-321,12.0,0.2783722412017607,0.5214831997315156,0.5137914117129497,1.0,0.403306,1014.0,0.0365327382077299
23,23.0,23.0,23.0,23.0,76.0,34591.0,91.0,0.0087536384369646,0.01,0.001,0.0025346,0.01,0.001,0.0025346,0.004,0.0004,0.003964,0.003964,0.102552,0.0,0.814171,0.035675,0.008939,0.16557,34.0964,43.6397,26.5,0.81568,0.1,0.32624,0.04,-56.09,6.427985659518018,6.427985659518018,0.0,0.0,0.0,0.0,0.0,0.0,0.0,0.0,0.0,0.0,0.0,0.0,0.0,0.0,0.0,0.0,0.0,0.0,3.0,5.0,4.24726e-314,15.0,0.1958913195968947,1.104092728703738,-0.2986610040864502,2.0,0.38007,346.0,0.039987468953693
24,24.0,24.0,24.0,24.0,141.0,24121.0,21.0,0.0158297643747939,0.01,0.001,0.0226182,0.01,0.001,0.0226182,0.004,0.0004,0.004207,0.004207,0.111692,0.0,0.785676,0.037941,0.011605,0.242746,37.1989,36.0446,26.5,0.57104,0.1,0.2284,0.04,-56.0436,12.030445301630131,12.030445301630131,0.0,0.0,0.0,0.0,0.0,0.0,0.0,0.0,0.0,0.0,0.0,0.0,0.0,0.0,0.0,0.0,0.0,0.0,3.0,5.0,4.25267e-314,13.5,0.1086859170487177,0.337601707425912,-0.1698934610330177,1.0,0.059864,242.0,0.2015567140014074
25,25.0,25.0,25.0,25.0,59.0,110357.0,57.0,0.0014055473610351,0.01,0.001,0.0136068,0.01,0.001,0.0136068,0.004,0.0004,0.002845,0.002845,0.092656,0.0,0.697925,0.024272,0.009788,0.18375,32.4448,32.8596,26.5,0.784,0.1,0.3136,0.04,-57.757,11.754615204472447,11.754615204472447,0.0,0.0,0.0,0.0,0.0,0.0,0.0,0.0,0.0,0.0,0.0,0.0,0.0,0.0,0.0,0.0,0.0,0.0,3.0,5.0,4.26391e-314,13.5,0.2518934281777235,0.7180236346487233,0.2727755679555085,1.0,0.449987,1104.0,0.0185065540179815
26,26.0,26.0,26.0,26.0,154.0,78338.0,38.0,0.0090683292707639,0.01,0.001,0.0113229,0.01,0.001,0.0113229,0.004,0.0004,0.000387,0.000387,0.125749,0.0,0.940776,0.048429,0.010012,0.17853,37.8195,45.6847,26.5,0.84152,0.1,0.33664,0.04,-58.1594,14.395984522226074,14.395984522226074,0.0,0.0,0.0,0.0,0.0,0.0,0.0,0.0,0.0,0.0,0.0,0.0,0.0,0.0,0.0,0.0,0.0,0.0,3.0,5.0,4.28057e-314,12.5,0.0584414759591098,0.4138199439413568,-0.9554411060123882,0.0,0.0,784.0,0.1349879172091372
27,27.0,27.0,27.0,27.0,44.0,120838.0,38.0,0.0129450500192715,0.01,0.001,0.0071944,0.01,0.001,0.0071944,0.004,0.0004,0.003176,0.003176,0.124585,0.0,1.14184,0.023016,0.009319,0.186819,29.6224,43.9336,26.5,0.09584,0.1,0.03832,0.04,-57.5248,9.718821089503384,9.718821089503384,0.0,0.0,0.0,0.0,0.0,0.0,0.0,0.0,0.0,0.0,0.0,0.0,0.0,0.0,0.0,0.0,0.0,0.0,3.0,5.0,4.27978e-314,13.0,0.2656944401746637,0.4747132992542164,0.6714451026462563,2.0,0.858376,1209.0,0.0233075898357955
28,28.0,28.0,28.0,28.0,28.0,76101.0,1.0,0.0090513120875098,0.01,0.001,0.0058972,0.01,0.001,0.0058972,0.004,0.0004,0.001453,0.001453,0.139255,0.0,0.959344,0.03745,0.011965,0.176048,35.9093,46.1476,26.5,0.89392,0.1,0.3576,0.04,-58.5398,11.343780005500967,11.343780005500967,0.0,0.0,0.0,0.0,0.0,0.0,0.0,0.0,0.0,0.0,0.0,0.0,0.0,0.0,0.0,0.0,0.0,0.0,3.0,5.0,0.0,15.0,0.1151673104546604,0.7673168766386821,-0.6258785066599097,1.0,0.236578,762.0,0.0530191944756597
29,29.0,29.0,29.0,29.0,50.0,49470.0,70.0,0.0105225130095226,0.01,0.001,0.0063204,0.01,0.001,0.0063204,0.004,0.0004,0.001002,0.001002,0.097353,0.0,0.800857,0.02436,0.00954,0.110521,39.2931,38.8521,26.5,0.07368,0.1,0.02944,0.04,-54.1004,12.382650691257378,12.382650691257378,0.0,0.0,0.0,0.0,0.0,0.0,0.0,0.0,0.0,0.0,0.0,0.0,0.0,0.0,0.0,0.0,0.0,0.0,3.0,5.0,6.43945e-314,11.5,0.2307279149835355,0.4042280483453833,0.3482490937500056,1.0,0.202567,495.0,0.0110902251156885
30,30.0,30.0,30.0,30.0,180.0,124678.0,78.0,0.0121003452770788,0.01,0.001,0.0073669,0.01,0.001,0.0073669,0.004,0.0004,0.00581,0.00581,0.107439,0.0,0.7163,0.039062,0.006143,0.181688,40.9857,62.7941,26.5,0.07136,0.1,0.02856,0.04,-56.2396,8.057531537687362,8.057531537687362,0.0,0.0,0.0,0.0,0.0,0.0,0.0,0.0,0.0,0.0,0.0,0.0,0.0,0.0,0.0,0.0,0.0,0.0,3.0,5.0,6.4742e-314,15.5,0.1963284117764628,0.7335809276288251,0.7181443123102257,1.0,0.297461,1247.0,0.0234841943090343
31,31.0,31.0,31.0,31.0,218.0,44251.0,51.0,0.0059826398231436,0.01,0.001,0.0053613,0.01,0.001,0.0053613,0.004,0.0004,0.008863,0.008863,0.125706,0.0,0.836427,0.031761,0.009391,0.187284,37.5066,51.4729,26.5,0.06888,0.1,0.0276,0.04,-57.6745,6.319681369544435,6.319681369544435,0.0,0.0,0.0,0.0,0.0,0.0,0.0,0.0,0.0,0.0,0.0,0.0,0.0,0.0,0.0,0.0,0.0,0.0,3.0,5.0,4.26302e-314,18.5,0.1820104393419271,1.2784960396933365,-0.007075049278676,1.0,0.237329,443.0,0.1168613417180725
32,32.0,32.0,32.0,32.0,163.0,29282.0,82.0,0.0113713346717705,0.01,0.001,0.0133101,0.01,0.001,0.0133101,0.004,0.0004,0.003793,0.003793,0.131414,0.0,0.907811,0.029565,0.008505,0.146514,40.2116,29.4384,26.5,0.05048,0.1,0.02016,0.04,-58.2404,10.958884577895276,10.958884577895276,0.0,0.0,0.0,0.0,0.0,0.0,0.0,0.0,0.0,0.0,0.0,0.0,0.0,0.0,0.0,0.0,0.0,0.0,3.0,5.0,6.47529e-314,17.0,0.1613452548061742,0.6255045953442887,0.3054190898036529,2.0,0.207413,293.0,0.2510448104607579
33,33.0,33.0,33.0,33.0,64.0,111143.0,43.0,0.007683654816069,0.01,0.001,0.0051474,0.01,0.001,0.0051474,0.004,0.0004,0.002208,0.002208,0.135558,0.0,0.925473,0.0365,0.009581,0.188346,40.5837,50.866,26.5,0.77256,0.1,0.30904,0.04,-57.8781,9.802472227212418,9.802472227212418,0.0,0.0,0.0,0.0,0.0,0.0,0.0,0.0,0.0,0.0,0.0,0.0,0.0,0.0,0.0,0.0,0.0,0.0,3.0,5.0,0.0,17.0,0.2933701528645736,1.156987173353478,0.6452197602342306,3.0,1.17067,1112.0,0.0995130480478412
34,34.0,34.0,34.0,34.0,48.0,972.0,72.0,0.0103917013223031,0.01,0.001,0.0072841,0.01,0.001,0.0072841,0.004,0.0004,0.005368,0.005368,0.118853,0.0,0.671788,0.039536,0.009775,0.159926,35.6932,45.2528,26.5,0.74888,0.1,0.29952,0.04,-55.5296,8.243834256835845,8.243834256835845,0.0,0.0,0.0,0.0,0.0,0.0,0.0,0.0,0.0,0.0,0.0,0.0,0.0,0.0,0.0,0.0,0.0,0.0,3.0,5.0,0.0,17.0,0.1445085339506019,1.4313599986629175,-0.5257292179711585,1.0,0.099615,10.0,0.1206927222962443
35,35.0,35.0,35.0,35.0,190.0,44100.0,0.0,0.0097781406683991,0.01,0.001,0.0107272,0.01,0.001,0.0107272,0.004,0.0004,0.001953,0.001953,0.129261,0.0,0.566293,0.051587,0.007175,0.221182,34.3363,58.2285,26.5,0.95104,0.1,0.3803999999999999,0.04,-56.8218,12.079308068917335,12.079308068917335,0.0,0.0,0.0,0.0,0.0,0.0,0.0,0.0,0.0,0.0,0.0,0.0,0.0,0.0,0.0,0.0,0.0,0.0,3.0,5.0,6.46758e-314,18.0,0.1390749749688081,1.38398715790221,-0.4544725203008993,1.0,0.210109,442.0,0.098451872204086
36,36.0,36.0,36.0,36.0,86.0,80365.0,65.0,0.006093423549287,0.01,0.001,0.0018515,0.01,0.001,0.0018515,0.004,0.0004,0.002301,0.002301,0.097717,0.0,0.634003,0.047309,0.006194,0.236617,30.5806,47.8137,26.5,0.57552,0.1,0.23024,0.04,-54.3827,6.916837214848611,6.916837214848611,0.0,0.0,0.0,0.0,0.0,0.0,0.0,0.0,0.0,0.0,0.0,0.0,0.0,0.0,0.0,0.0,0.0,0.0,3.0,5.0,6.44226e-314,16.0,0.2746524719487551,1.320252683460153,0.891061521546561,2.0,0.577625,804.0,0.0596327337802593
37,37.0,37.0,37.0,37.0,153.0,11941.0,41.0,0.0135152934340193,0.01,0.001,0.0119324,0.01,0.001,0.0119324,0.004,0.0004,0.002276,0.002276,0.121019,0.0,0.838432,0.045594,0.005488,0.161376,38.2499,51.8679,26.5,0.56,0.1,0.224,0.04,-56.6927,11.972363065149231,11.972363065149231,0.0,0.0,0.0,0.0,0.0,0.0,0.0,0.0,0.0,0.0,0.0,0.0,0.0,0.0,0.0,0.0,0.0,0.0,3.0,5.0,6.41353e-314,18.0,0.1816544079224633,1.6644621754098936,-0.0315568059334071,2.0,0.185615,120.0,0.1485121269402699
38,38.0,38.0,38.0,38.0,187.0,42285.0,85.0,0.0041091502441737,0.01,0.001,0.0120037,0.01,0.001,0.0120037,0.004,0.0004,0.005498,0.005498,0.120409,0.0,0.550586,0.035168,0.010013,0.195592,34.2645,50.3608,26.5,0.07304,0.1,0.0291999999999999,0.04,-57.9142,9.61133879434981,9.61133879434981,0.0,0.0,0.0,0.0,0.0,0.0,0.0,0.0,0.0,0.0,0.0,0.0,0.0,0.0,0.0,0.0,0.0,0.0,3.0,5.0,4.25115e-314,17.0,0.2285255985251476,0.8978675561750065,0.1419893549225316,2.0,0.485426,423.0,0.0101258717963971
39,39.0,39.0,39.0,39.0,204.0,85041.0,41.0,0.0103394239884618,0.01,0.001,0.004807,0.01,0.001,0.004807,0.004,0.0004,0.007687,0.007687,0.097202,0.0,0.790571,0.029749,0.009284,0.232551,30.2355,65.4053,26.5,0.07344,0.1,0.0293599999999999,0.04,-57.9266,6.3841029065037365,6.3841029065037365,0.0,0.0,0.0,0.0,0.0,0.0,0.0,0.0,0.0,0.0,0.0,0.0,0.0,0.0,0.0,0.0,0.0,0.0,3.0,5.0,6.47046e-314,19.5,0.12085780811689,1.2904294823175235,-0.1056412275856198,1.0,0.222095,851.0,0.1144499512073995
40,40.0,40.0,40.0,40.0,16.0,60088.0,88.0,0.0049970724897651,0.01,0.001,0.0108307,0.01,0.001,0.0108307,0.004,0.0004,0.000966,0.000966,0.105033,0.0,0.966678,0.016812,0.010501,0.175653,36.6325,30.9438,26.5,0.07064,0.1,0.02824,0.04,-55.9236,13.408733977280288,13.408733977280288,0.0,0.0,0.0,0.0,0.0,0.0,0.0,0.0,0.0,0.0,0.0,0.0,0.0,0.0,0.0,0.0,0.0,0.0,3.0,5.0,6.40995e-314,16.0,0.2854619022450324,0.5276431840801881,0.6024260775877389,3.0,0.819856,601.0,0.0837632090945202
41,41.0,41.0,41.0,41.0,93.0,67077.0,77.0,0.0107845980574183,0.01,0.001,0.0066033,0.01,0.001,0.0066033,0.004,0.0004,0.003891,0.003891,0.162182,0.0,0.737567,0.015612,0.00871,0.133947,27.0416,28.0711,26.5,0.0132,0.1,0.00528,0.04,-58.7986,8.877919545977216,8.877919545977216,0.0,0.0,0.0,0.0,0.0,0.0,0.0,0.0,0.0,0.0,0.0,0.0,0.0,0.0,0.0,0.0,0.0,0.0,3.0,5.0,4.26944e-314,20.0,0.1809015514150355,1.2794282113154671,0.4401643955576274,1.0,0.352121,671.0,0.1031628296957113
42,42.0,42.0,42.0,42.0,217.0,11296.0,96.0,0.0102622646797556,0.01,0.001,0.0053774,0.01,0.001,0.0053774,0.004,0.0004,0.005904,0.005904,0.110632,0.0,0.659977,0.034486,0.008537,0.215517,46.5294,39.4621,26.5,0.0784,0.1,0.03136,0.04,-58.6915,7.206300108244625,7.206300108244625,0.0,0.0,0.0,0.0,0.0,0.0,0.0,0.0,0.0,0.0,0.0,0.0,0.0,0.0,0.0,0.0,0.0,0.0,3.0,5.0,6.48285e-314,19.0,0.0932214976623693,1.4044663279989216,-0.2274993541023834,1.0,0.058558,113.0,0.0307116945273505
43,43.0,43.0,43.0,43.0,71.0,21607.0,7.0,0.0111995982617598,0.01,0.001,0.0148074,0.01,0.001,0.0148074,0.004,0.0004,0.004363,0.004363,0.076345,0.0,0.795519,0.039331,0.004874,0.169365,46.1133,54.0193,26.5,0.09,0.1,0.036,0.04,-57.0061,10.86809264810274,10.86809264810274,0.0,0.0,0.0,0.0,0.0,0.0,0.0,0.0,0.0,0.0,0.0,0.0,0.0,0.0,0.0,0.0,0.0,0.0,3.0,5.0,0.0,15.5,0.1431466532866173,0.5018531672878964,-0.0277090807156079,2.0,0.161585,217.0,0.0724591015494246
44,44.0,44.0,44.0,44.0,81.0,1184.0,84.0,0.0090899274343465,0.01,0.001,0.0070081,0.01,0.001,0.0070081,0.004,0.0004,0.003713,0.003713,0.106811,0.0,0.687243,0.038769,0.009482,0.169872,33.2987,49.8976,26.5,0.8067199999999999,0.1,0.32272,0.04,-55.2155,9.18636469882659,9.18636469882659,0.0,0.0,0.0,0.0,0.0,0.0,0.0,0.0,0.0,0.0,0.0,0.0,0.0,0.0,0.0,0.0,0.0,0.0,3.0,5.0,6.43431e-314,16.5,0.0982037041004295,1.294415931678317,-0.5877727899375956,1.0,0.103169,12.0,0.1832396903052286
45,45.0,45.0,45.0,45.0,168.0,22510.0,10.0,0.0102991100116308,0.01,0.001,0.0070104,0.01,0.001,0.0070104,0.004,0.0004,0.003785,0.003785,0.117755,0.0,0.784945,0.047659,0.004951,0.221608,42.3168,77.2786,26.5,0.96528,0.1,0.3861599999999999,0.04,-59.6367,9.131408882109024,9.131408882109024,0.0,0.0,0.0,0.0,0.0,0.0,0.0,0.0,0.0,0.0,0.0,0.0,0.0,0.0,0.0,0.0,0.0,0.0,3.0,5.0,1e-323,18.0,0.186832725330805,1.08509837977487,0.3470558812825028,3.0,0.276453,226.0,0.0102339257310967
46,46.0,46.0,46.0,46.0,25.0,52061.0,61.0,0.0110555704739529,0.01,0.001,0.0195063,0.01,0.001,0.0195063,0.004,0.0004,0.006941,0.006941,0.14256,0.0,0.703476,0.035929,0.012077,0.235237,48.4711,39.5731,26.5,0.08864,0.1,0.03544,0.04,-57.6756,10.34119282863597,10.34119282863597,0.0,0.0,0.0,0.0,0.0,0.0,0.0,0.0,0.0,0.0,0.0,0.0,0.0,0.0,0.0,0.0,0.0,0.0,3.0,5.0,4.24578e-314,17.5,0.1212918359806188,0.8355966076641852,-0.008591356566217,3.0,0.562552,521.0,0.0762843806492614
47,47.0,47.0,47.0,47.0,212.0,62063.0,63.0,0.0114710958038104,0.01,0.001,0.0030084,0.01,0.001,0.0030084,0.004,0.0004,0.002118,0.002118,0.083783,0.0,0.909076,0.022494,0.001273,0.148739,30.1808,29.1558,26.5,0.08152,0.1,0.03256,0.04,-56.528,8.371154530411255,8.371154530411255,0.0,0.0,0.0,0.0,0.0,0.0,0.0,0.0,0.0,0.0,0.0,0.0,0.0,0.0,0.0,0.0,0.0,0.0,3.0,5.0,6.40951e-314,20.5,0.100988636438352,1.291532829213416,0.4635315614324083,2.0,0.283916,621.0,0.0175492678187006
48,48.0,48.0,48.0,48.0,8.0,55864.0,64.0,0.0061310217112471,0.01,0.001,0.0152375,0.01,0.001,0.0152375,0.004,0.0004,0.006236,0.006236,0.137742,0.0,0.832509,0.046036,0.010998,0.233996,50.7487,26.948,26.5,0.054,0.1,0.0216,0.04,-57.7783,9.939036363454377,9.939036363454377,0.0,0.0,0.0,0.0,0.0,0.0,0.0,0.0,0.0,0.0,0.0,0.0,0.0,0.0,0.0,0.0,0.0,0.0,3.0,5.0,3.14384e-319,20.5,0.0922934771277733,1.5487585343183266,-0.3803883647754881,1.0,0.051684,559.0,0.0967982720735833
49,49.0,49.0,49.0,49.0,222.0,17368.0,68.0,0.0102906607042043,0.01,0.001,0.0154721,0.01,0.001,0.0154721,0.004,0.0004,0.004226,0.004226,0.105796,0.0,0.73823,0.049368,0.008793,0.249851,28.1896,27.8534,26.5,1.23368,0.1,0.49344,0.04,-55.4688,11.072942523658662,11.072942523658662,0.0,0.0,0.0,0.0,0.0,0.0,0.0,0.0,0.0,0.0,0.0,0.0,0.0,0.0,0.0,0.0,0.0,0.0,3.0,5.0,0.0,24.5,0.1035792582510976,1.3574727098300692,-0.0135722859462849,1.0,0.13941,174.0,0.0838347646779162
50,50.0,50.0,50.0,50.0,84.0,127005.0,5.0,0.0129687405586283,0.01,0.001,0.0024932,0.01,0.001,0.0024932,0.004,0.0004,0.003026,0.003026,0.133348,0.0,0.186576,0.032667,0.01237,0.230148,44.0754,77.2903,26.5,0.0293599999999999,0.1,0.01176,0.04,-57.9234,6.970771000164591,6.970771000164591,0.0,0.0,0.0,0.0,0.0,0.0,0.0,0.0,0.0,0.0,0.0,0.0,0.0,0.0,0.0,0.0,0.0,0.0,3.0,5.0,0.0,22.0,0.132859906548268,1.0503925806471106,-0.0416977022472413,3.0,1.0374560000000002,1271.0,0.249125745212017
51,51.0,51.0,51.0,51.0,114.0,57567.0,67.0,0.0091999823579085,0.01,0.001,0.0109066,0.01,0.001,0.0109066,0.004,0.0004,0.003392,0.003392,0.146692,0.0,0.735958,0.035456,0.007325,0.195859,30.5441,59.2191,26.5,0.39112,0.1,0.1564799999999999,0.04,-58.1047,10.719533525726225,10.719533525726225,0.0,0.0,0.0,0.0,0.0,0.0,0.0,0.0,0.0,0.0,0.0,0.0,0.0,0.0,0.0,0.0,0.0,0.0,3.0,5.0,4.24816e-314,23.0,0.2021068276548624,1.8598470791211923,0.302335044186732,3.0,0.748523,576.0,0.0559030343147575
52,52.0,52.0,52.0,52.0,62.0,55193.0,93.0,0.0164983167829102,0.01,0.001,0.0103155,0.01,0.001,0.0103155,0.004,0.0004,0.007248,0.007248,0.17112,0.0,0.435333,0.040368,0.005809,0.231387,35.1991,31.3488,26.5,0.8248800000000001,0.1,0.33,0.04,-61.3484,8.376717740714067,8.376717740714067,0.0,0.0,0.0,0.0,0.0,0.0,0.0,0.0,0.0,0.0,0.0,0.0,0.0,0.0,0.0,0.0,0.0,0.0,3.0,5.0,6.47678e-314,23.5,0.1706295830980593,1.606014226894893,0.422252460729568,2.0,0.231447,552.0,0.0132417492355489
53,53.0,53.0,53.0,53.0,94.0,54745.0,45.0,0.0040310329135584,0.01,0.001,0.0148856,0.01,0.001,0.0148856,0.004,0.0004,0.004877,0.004877,0.109628,0.0,0.688839,0.046144,0.007535,0.267334,26.1469,49.9286,26.5,0.5136799999999999,0.1,0.20544,0.04,-57.5881,10.57444960682315,10.57444960682315,0.0,0.0,0.0,0.0,0.0,0.0,0.0,0.0,0.0,0.0,0.0,0.0,0.0,0.0,0.0,0.0,0.0,0.0,3.0,5.0,0.0,20.5,0.1727520956676436,1.2322270814246383,0.3612935028005978,2.0,0.337206,548.0,0.0374540195345945
54,54.0,54.0,54.0,54.0,240.0,65085.0,85.0,0.006464104229029,0.01,0.001,0.0200491,0.01,0.001,0.0200491,0.004,0.0004,0.002409,0.002409,0.139965,0.0,0.469438,0.039782,0.007304,0.158764,37.1456,53.5085,26.5,0.106,0.1,0.0424,0.04,-56.4363,12.924072808632296,12.924072808632296,0.0,0.0,0.0,0.0,0.0,0.0,0.0,0.0,0.0,0.0,0.0,0.0,0.0,0.0,0.0,0.0,0.0,0.0,3.0,5.0,4.2481e-314,21.5,0.2722272051275883,1.047704028535145,0.8072356206235789,1.0,0.146926,651.0,0.0873895049172111
55,55.0,55.0,55.0,55.0,34.0,66402.0,2.0,0.0097884386818298,0.01,0.001,0.0087124,0.01,0.001,0.0087124,0.004,0.0004,0.001549,0.001549,0.199406,0.0,0.697961,0.043449,0.004988,0.116859,47.9974,33.1802,26.5,0.0519199999999999,0.1,0.02072,0.04,-58.9593,12.132849164533212,12.132849164533212,0.0,0.0,0.0,0.0,0.0,0.0,0.0,0.0,0.0,0.0,0.0,0.0,0.0,0.0,0.0,0.0,0.0,0.0,3.0,5.0,0.0,24.0,0.1685231045542306,1.4327673761885136,0.2504689209474665,1.0,0.220953,665.0,0.3990539296554431
56,56.0,56.0,56.0,56.0,146.0,3629.0,29.0,0.0158788312996728,0.01,0.001,0.002392,0.01,0.001,0.002392,0.004,0.0004,0.00496,0.00496,0.126259,0.0,0.660265,0.033736,0.009304,0.213293,28.2365,61.7045,26.5,0.07344,0.1,0.0293599999999999,0.04,-58.3804,5.916126780114298,5.916126780114298,0.0,0.0,0.0,0.0,0.0,0.0,0.0,0.0,0.0,0.0,0.0,0.0,0.0,0.0,0.0,0.0,0.0,0.0,3.0,5.0,6.47198e-314,23.5,0.1066525936938121,2.632879116631784,-0.4748107735446237,1.0,0.101455,37.0,0.3068320159652211
57,57.0,57.0,57.0,57.0,33.0,94115.0,15.0,0.0091929765470967,0.01,0.001,0.0094622,0.01,0.001,0.0094622,0.004,0.0004,0.001135,0.001135,0.08417,0.0,0.659256,0.038613,0.004049,0.173831,64.8782,53.3018,26.5,0.96152,0.1,0.38464,0.04,-56.9283,12.927119329079993,12.927119329079993,0.0,0.0,0.0,0.0,0.0,0.0,0.0,0.0,0.0,0.0,0.0,0.0,0.0,0.0,0.0,0.0,0.0,0.0,3.0,5.0,0.0,22.5,0.1840736719550773,0.9205842388965052,0.2748877971837641,2.0,0.473259,942.0,0.0912634393145048
58,58.0,58.0,58.0,58.0,155.0,129883.0,83.0,0.0123800224645526,0.01,0.001,0.0019067,0.01,0.001,0.0019067,0.004,0.0004,0.003182,0.003182,0.144092,0.0,0.737601,0.031281,0.006265,0.187922,32.9914,48.0934,26.5,0.12848,0.1,0.05144,0.04,-57.6565,6.30159007801362,6.30159007801362,0.0,0.0,0.0,0.0,0.0,0.0,0.0,0.0,0.0,0.0,0.0,0.0,0.0,0.0,0.0,0.0,0.0,0.0,3.0,5.0,6.44593e-314,21.5,0.49585449312968,1.258910925746269,1.8777334176502725,4.0,1.795145,1299.0,0.5916679298614411
59,59.0,59.0,59.0,59.0,42.0,59725.0,25.0,0.0057985223332711,0.01,0.001,0.0226182,0.01,0.001,0.0226182,0.004,0.0004,0.004207,0.004207,0.134088,0.0,0.492508,0.040485,0.007895,0.16807,59.1693,39.5836,26.5,1.028,0.1,0.4111999999999999,0.04,-58.2088,12.030445301630131,12.030445301630131,0.0,0.0,0.0,0.0,0.0,0.0,0.0,0.0,0.0,0.0,0.0,0.0,0.0,0.0,0.0,0.0,0.0,0.0,3.0,5.0,4.27935e-314,23.5,0.131857188205383,1.0738652342472674,0.2709895492827482,2.0,0.506871,598.0,0.079956399481668
60,60.0,60.0,60.0,60.0,215.0,79985.0,85.0,0.015728491571682,0.01,0.001,0.0162771,0.01,0.001,0.0162771,0.004,0.0004,0.003449,0.003449,0.143312,0.0,0.708161,0.048404,0.010053,0.232016,54.7636,52.0571,26.5,0.8211999999999999,0.1,0.32848,0.04,-55.5915,11.722260540698286,11.722260540698286,0.0,0.0,0.0,0.0,0.0,0.0,0.0,0.0,0.0,0.0,0.0,0.0,0.0,0.0,0.0,0.0,0.0,0.0,3.0,5.0,4.28417e-314,24.0,0.2834478688278812,2.8072082229554622,0.6108692930639612,2.0,0.68435,800.0,0.1650289320120719
61,61.0,61.0,61.0,61.0,11.0,22329.0,29.0,0.0070795096500655,0.01,0.001,0.0101522,0.01,0.001,0.0101522,0.004,0.0004,0.008212,0.008212,0.109492,0.0,0.289897,0.03398,0.006271,0.231589,30.6859,53.1024,26.5,0.4786399999999999,0.1,0.19144,0.04,-59.0074,7.988861060364037,7.988861060364037,0.0,0.0,0.0,0.0,0.0,0.0,0.0,0.0,0.0,0.0,0.0,0.0,0.0,0.0,0.0,0.0,0.0,0.0,3.0,5.0,6.43783e-314,21.5,0.111166642776077,1.2188181782232914,-0.1432314663571619,1.0,0.091394,224.0,0.1387384257196768
62,62.0,62.0,62.0,62.0,85.0,124199.0,99.0,0.0203874720928343,0.01,0.001,0.0137103,0.01,0.001,0.0137103,0.004,0.0004,0.001011,0.001011,0.119259,0.0,0.714793,0.050899,0.006257,0.19332,34.1972,57.3209,26.5,0.51312,0.1,0.2052,0.04,-56.705,13.66858273654738,13.66858273654738,0.0,0.0,0.0,0.0,0.0,0.0,0.0,0.0,0.0,0.0,0.0,0.0,0.0,0.0,0.0,0.0,0.0,0.0,3.0,5.0,2.16073e-314,22.5,0.2570502370960266,1.6785701123194203,0.5292269699211475,1.0,0.206312,1242.0,0.3030575307532379
63,63.0,63.0,63.0,63.0,83.0,21315.0,15.0,0.0120063839032701,0.01,0.001,0.0130249,0.01,0.001,0.0130249,0.004,0.0004,0.006973,0.006973,0.10956,0.0,0.648212,0.029583,0.004924,0.195508,34.9521,42.5006,26.5,1.044,0.1,0.4175999999999999,0.04,-58.9818,9.156054200520959,9.156054200520959,0.0,0.0,0.0,0.0,0.0,0.0,0.0,0.0,0.0,0.0,0.0,0.0,0.0,0.0,0.0,0.0,0.0,0.0,3.0,5.0,0.0,24.0,0.1720689016273245,1.7172847256870876,0.0430588727866305,4.0,0.519732,214.0,0.2819163349857607
64,64.0,64.0,64.0,64.0,68.0,25071.0,71.0,0.0102807496934928,0.01,0.001,0.0051727,0.01,0.001,0.0051727,0.004,0.0004,0.000865,0.000865,0.121234,0.0,0.292935,0.042984,0.00681,0.248675,36.0381,50.1936,26.5,0.06088,0.1,0.02432,0.04,-59.0632,12.268237216320014,12.268237216320014,0.0,0.0,0.0,0.0,0.0,0.0,0.0,0.0,0.0,0.0,0.0,0.0,0.0,0.0,0.0,0.0,0.0,0.0,3.0,5.0,4.26177e-314,21.0,0.0843589825832732,1.4448266811142387,-0.1594567224895845,1.0,0.051963,251.0,0.2560936013768364
65,65.0,65.0,65.0,65.0,244.0,64254.0,54.0,0.0094671926240233,0.01,0.001,0.0041607,0.01,0.001,0.0041607,0.004,0.0004,0.001073,0.001073,0.108543,0.0,0.65622,0.037975,0.005481,0.308398,31.2118,57.0492,26.5,0.07664,0.1,0.03064,0.04,-59.6363,11.225037983715914,11.225037983715914,0.0,0.0,0.0,0.0,0.0,0.0,0.0,0.0,0.0,0.0,0.0,0.0,0.0,0.0,0.0,0.0,0.0,0.0,3.0,5.0,6.44833e-314,29.5,0.0988989242895992,1.7662774145453493,0.0856113277437146,3.0,0.7383299999999999,643.0,1.5489918855033085
66,66.0,66.0,66.0,66.0,116.0,88739.0,39.0,0.0103114182786545,0.01,0.001,0.0052785,0.01,0.001,0.0052785,0.004,0.0004,0.00096,0.00096,0.107315,0.0,0.994288,0.015185,0.006955,0.220994,22.6642,50.5146,26.5,0.7028800000000001,0.1,0.2812,0.04,-57.5609,12.081686794075742,12.081686794075742,0.0,0.0,0.0,0.0,0.0,0.0,0.0,0.0,0.0,0.0,0.0,0.0,0.0,0.0,0.0,0.0,0.0,0.0,3.0,5.0,6.41383e-314,27.5,0.2910103802419589,2.1657042391067858,0.5813622478856836,1.0,0.328337,888.0,0.9496670296811116
67,67.0,67.0,67.0,67.0,148.0,13576.0,76.0,0.0123278286399227,0.01,0.001,0.0061893,0.01,0.001,0.0061893,0.004,0.0004,0.000959,0.000959,0.124307,0.0,0.515469,0.036178,0.0089,0.23355,33.9776,25.521,26.5,0.69288,0.1,0.27712,0.04,-55.2716,12.430750369356339,12.430750369356339,0.0,0.0,0.0,0.0,0.0,0.0,0.0,0.0,0.0,0.0,0.0,0.0,0.0,0.0,0.0,0.0,0.0,0.0,3.0,5.0,6.46793e-314,26.5,0.1225007221305094,2.6357901752432635,-0.2591683894158264,1.0,0.077251,136.0,0.3879894685804288
68,68.0,68.0,68.0,68.0,18.0,57269.0,69.0,0.0092899348208397,0.01,0.001,0.0080799,0.01,0.001,0.0080799,0.004,0.0004,0.006814,0.006814,0.1466,0.0,0.089404,0.033757,0.011329,0.170406,46.7291,50.9155,26.5,0.09272,0.1,0.03712,0.04,-58.9845,7.876927962343218,7.876927962343218,0.0,0.0,0.0,0.0,0.0,0.0,0.0,0.0,0.0,0.0,0.0,0.0,0.0,0.0,0.0,0.0,0.0,0.0,3.0,5.0,6.46968e-314,27.5,0.1911886694836547,2.1659092471406773,0.0638886948731283,3.0,0.5927370000000001,573.0,0.0666525492036146
69,69.0,69.0,69.0,69.0,3.0,4862.0,62.0,0.0030883720638626,0.01,0.001,0.0045172,0.01,0.001,0.0045172,0.004,0.0004,0.002108,0.002108,0.113645,0.0,0.643475,0.039086,0.008467,0.193632,41.0015,48.393,26.5,0.08368,0.1,0.03344,0.04,-55.0251,9.556812220477406,9.556812220477406,0.0,0.0,0.0,0.0,0.0,0.0,0.0,0.0,0.0,0.0,0.0,0.0,0.0,0.0,0.0,0.0,0.0,0.0,3.0,5.0,0.0,27.0,0.1567934198163745,3.4571049864746715,-0.193315018095703,1.0,0.102837,49.0,0.0063964066827954
70,70.0,70.0,70.0,70.0,173.0,97522.0,22.0,0.0115252134467862,0.01,0.001,0.006302,0.01,0.001,0.006302,0.004,0.0004,0.003275,0.003275,0.139778,0.0,0.632139,0.022363,0.006718,0.175432,37.5578,60.8301,26.5,0.67408,0.1,0.2696,0.04,-58.9984,9.242676324760845,9.242676324760845,0.0,0.0,0.0,0.0,0.0,0.0,0.0,0.0,0.0,0.0,0.0,0.0,0.0,0.0,0.0,0.0,0.0,0.0,3.0,5.0,6.43661e-314,29.0,0.2391638606107662,2.043736652343504,0.4819594231784854,2.0,0.686975,976.0,0.6997135356217953
71,71.0,71.0,71.0,71.0,22.0,80283.0,83.0,0.0150643880161782,0.01,0.001,0.0181907,0.01,0.001,0.0181907,0.004,0.0004,0.006022,0.006022,0.144083,0.0,0.662309,0.036186,0.005064,0.17455,37.8154,40.3374,26.5,0.08248,0.1,0.03304,0.04,-58.2338,10.545355221159765,10.545355221159765,0.0,0.0,0.0,0.0,0.0,0.0,0.0,0.0,0.0,0.0,0.0,0.0,0.0,0.0,0.0,0.0,0.0,0.0,3.0,5.0,6.44384e-314,28.0,0.0727760269338087,2.9466447277979606,-0.2694938245544296,1.0,0.227216,803.0,0.1386204652642644
72,72.0,72.0,72.0,72.0,17.0,76823.0,23.0,0.0039404249229785,0.01,0.001,0.0113022,0.01,0.001,0.0113022,0.004,0.0004,0.012083,0.012083,0.126078,0.0,0.5365,0.03487,0.009586,0.217772,26.194,39.7631,26.5,0.07104,0.1,0.0284,0.04,-55.4957,7.270738733641571,7.270738733641571,0.0,0.0,0.0,0.0,0.0,0.0,0.0,0.0,0.0,0.0,0.0,0.0,0.0,0.0,0.0,0.0,0.0,0.0,3.0,5.0,6.4793e-314,27.0,0.166341959871714,2.418301553479031,0.0517373814193381,2.0,0.557281,769.0,0.6829393621507238
73,73.0,73.0,73.0,73.0,99.0,93708.0,8.0,0.0061517233485399,0.01,0.001,0.0042044,0.01,0.001,0.0042044,0.004,0.0004,0.007051,0.007051,0.140549,0.0,0.584407,0.024945,0.006876,0.206136,49.0341,44.5112,26.5,0.73216,0.1,0.29288,0.04,-57.4807,6.292255916006179,6.292255916006179,0.0,0.0,0.0,0.0,0.0,0.0,0.0,0.0,0.0,0.0,0.0,0.0,0.0,0.0,0.0,0.0,0.0,0.0,3.0,5.0,0.0,32.0,0.3154373125617935,2.395574695419638,0.8845138966676257,1.0,0.482783,938.0,0.7220315833329639
74,74.0,74.0,74.0,74.0,207.0,128975.0,75.0,0.006272798339258,0.01,0.001,0.0111803,0.01,0.001,0.0111803,0.004,0.0004,0.00043,0.00043,0.188191,0.0,0.336454,0.027608,0.012766,0.275473,26.7407,65.8028,26.5,1.11952,0.1,0.4478399999999999,0.04,-58.8547,14.3126060542439,14.3126060542439,0.0,0.0,0.0,0.0,0.0,0.0,0.0,0.0,0.0,0.0,0.0,0.0,0.0,0.0,0.0,0.0,0.0,0.0,3.0,5.0,6.47386e-314,33.5,0.1807972487384197,2.1794781308473308,0.1675019447442703,2.0,0.750017,1290.0,0.0340569063502249
75,75.0,75.0,75.0,75.0,170.0,129322.0,22.0,0.0100219410380647,0.01,0.001,0.0226182,0.01,0.001,0.0226182,0.004,0.0004,0.004207,0.004207,0.164806,0.0,0.81262,0.031257,0.00352,0.146283,48.0722,14.7477,26.5,0.8122400000000001,0.1,0.32488,0.04,-57.6224,12.030445301630131,12.030445301630131,0.0,0.0,0.0,0.0,0.0,0.0,0.0,0.0,0.0,0.0,0.0,0.0,0.0,0.0,0.0,0.0,0.0,0.0,3.0,5.0,6.4397e-314,33.0,0.2392572345372156,1.7880061439552613,0.5703740513712177,1.0,0.477559,1294.0,0.479386190081753
76,76.0,76.0,76.0,76.0,205.0,121032.0,32.0,0.0112525962651286,0.01,0.001,0.0067942,0.01,0.001,0.0067942,0.004,0.0004,0.00912,0.00912,0.120098,0.0,1.22646,0.020249,0.008393,0.208448,45.699,57.0971,26.5,0.0409599999999999,0.1,0.0163999999999999,0.04,-58.6167,6.745870134460161,6.745870134460161,0.0,0.0,0.0,0.0,0.0,0.0,0.0,0.0,0.0,0.0,0.0,0.0,0.0,0.0,0.0,0.0,0.0,0.0,3.0,5.0,4.11e-321,30.5,0.2213258826437467,2.609907186267648,0.2769782658408919,3.0,1.128434,1211.0,0.2325026466536214
77,77.0,77.0,77.0,77.0,166.0,51980.0,80.0,0.0121914520493573,0.01,0.001,0.0021528,0.01,0.001,0.0021528,0.004,0.0004,0.007674,0.007674,0.196372,0.0,0.575872,0.013695,0.010534,0.160107,38.4698,37.9965,26.5,0.76104,0.1,0.3044,0.04,-56.9007,5.187000033608212,5.187000033608212,0.0,0.0,0.0,0.0,0.0,0.0,0.0,0.0,0.0,0.0,0.0,0.0,0.0,0.0,0.0,0.0,0.0,0.0,3.0,5.0,6.41562e-314,34.0,0.2193173796987001,2.2896127502346566,0.4425806991778069,1.0,0.244489,520.0,0.7028364787261204
78,78.0,78.0,78.0,78.0,184.0,59439.0,39.0,0.011492970227256,0.01,0.001,0.0139357,0.01,0.001,0.0139357,0.004,0.0004,0.00376,0.00376,0.141757,0.0,0.404357,0.070625,0.004126,0.331394,37.1422,19.0444,26.5,0.10888,0.1,0.04352,0.04,-59.0911,11.105618268496624,11.105618268496624,0.0,0.0,0.0,0.0,0.0,0.0,0.0,0.0,0.0,0.0,0.0,0.0,0.0,0.0,0.0,0.0,0.0,0.0,3.0,5.0,6.48381e-314,32.5,0.0685536210506779,1.786360669311127,-0.242806862930911,4.0,0.865813,595.0,0.8969086100815372
79,79.0,79.0,79.0,79.0,169.0,60348.0,48.0,0.0141767746005332,0.01,0.001,0.0044482,0.01,0.001,0.0044482,0.004,0.0004,0.000746,0.000746,0.084931,0.0,0.753648,0.014166,0.001688,0.22017,47.2069,51.6709,26.5,1.13744,0.1,0.45496,0.04,-57.6811,12.261945149731472,12.261945149731472,0.0,0.0,0.0,0.0,0.0,0.0,0.0,0.0,0.0,0.0,0.0,0.0,0.0,0.0,0.0,0.0,0.0,0.0,3.0,5.0,2.3312400000000002e-219,32.5,0.2735698951612403,1.748353529156737,0.6650191494630019,2.0,0.515208,604.0,0.168987641957839
80,80.0,80.0,80.0,80.0,249.0,8791.0,91.0,0.005208318653709,0.01,0.001,0.0176318,0.01,0.001,0.0176318,0.004,0.0004,0.00312,0.00312,0.116278,0.0,0.818118,0.034941,0.005877,0.214867,46.6266,56.8974,26.5,0.7832,0.1,0.31328,0.04,-58.1447,12.143457184661374,12.143457184661374,0.0,0.0,0.0,0.0,0.0,0.0,0.0,0.0,0.0,0.0,0.0,0.0,0.0,0.0,0.0,0.0,0.0,0.0,3.0,5.0,4.26367e-314,31.0,0.0952678970825941,2.2702566009648293,-0.3599925656607902,1.0,0.082555,88.0,0.5355910607726166
81,81.0,81.0,81.0,81.0,47.0,17076.0,76.0,0.0164776859206953,0.01,0.001,0.0024863,0.01,0.001,0.0024863,0.004,0.0004,0.000816,0.000816,0.11113,0.0,0.759878,0.02339,0.009194,0.199295,49.0899,55.7066,26.5,0.09256,0.1,0.03704,0.04,-54.2456,10.56960886841566,10.56960886841566,0.0,0.0,0.0,0.0,0.0,0.0,0.0,0.0,0.0,0.0,0.0,0.0,0.0,0.0,0.0,0.0,0.0,0.0,3.0,5.0,6.47367e-314,30.5,0.107238376002209,1.4407157901536876,0.0215694124514613,2.0,0.20305,171.0,0.0078918643938788
82,82.0,82.0,82.0,82.0,31.0,28330.0,30.0,0.0036591047755599,0.01,0.001,0.0077142,0.01,0.001,0.0077142,0.004,0.0004,0.003434,0.003434,0.132607,0.0,0.48462,0.031715,0.003074,0.170631,39.488,68.2982,26.5,0.61136,0.1,0.24456,0.04,-59.253,9.69449948836769,9.69449948836769,0.0,0.0,0.0,0.0,0.0,0.0,0.0,0.0,0.0,0.0,0.0,0.0,0.0,0.0,0.0,0.0,0.0,0.0,3.0,5.0,6.40968e-314,33.0,0.0616010553511904,1.7216693344710612,0.0311283107398128,3.0,0.371271,284.0,0.3241318187960151
83,83.0,83.0,83.0,83.0,88.0,131923.0,23.0,0.0121041480526274,0.01,0.001,0.0022609,0.01,0.001,0.0022609,0.004,0.0004,0.001674,0.001674,0.181279,0.0,0.252425,0.04603,0.006979,0.269588,47.8815,64.0234,26.5,0.90192,0.1,0.36072,0.04,-57.0765,8.23084126213675,8.23084126213675,0.0,0.0,0.0,0.0,0.0,0.0,0.0,0.0,0.0,0.0,0.0,0.0,0.0,0.0,0.0,0.0,0.0,0.0,3.0,5.0,6.40217e-314,40.0,0.1894289902242814,2.744689271991837,0.2425400788959296,1.0,0.360649,1320.0,0.3636147283427406
84,84.0,84.0,84.0,84.0,67.0,59628.0,28.0,0.0046812943116833,0.01,0.001,0.0119439,0.01,0.001,0.0119439,0.004,0.0004,0.002016,0.002016,0.060144,0.0,0.759276,0.028552,0.004413,0.338173,42.588,34.5166,26.5,0.07912,0.1,0.0316,0.04,-56.8612,12.24793179613873,12.24793179613873,0.0,0.0,0.0,0.0,0.0,0.0,0.0,0.0,0.0,0.0,0.0,0.0,0.0,0.0,0.0,0.0,0.0,0.0,3.0,5.0,4.82e-321,36.5,0.0687414592099577,2.3996684330449494,0.1300465218943141,2.0,0.377051,597.0,0.785407104650156
85,85.0,85.0,85.0,85.0,200.0,26767.0,67.0,0.0050167468587932,0.01,0.001,0.0139932,0.01,0.001,0.0139932,0.004,0.0004,0.0033,0.0033,0.104015,0.0,0.847852,0.040629,0.002895,0.261319,42.7496,32.2132,26.5,1.20656,0.1,0.48264,0.04,-58.3625,11.455979973810546,11.455979973810546,0.0,0.0,0.0,0.0,0.0,0.0,0.0,0.0,0.0,0.0,0.0,0.0,0.0,0.0,0.0,0.0,0.0,0.0,3.0,5.0,4.26709e-314,37.5,0.1155528889920875,2.1265037623855583,0.0232224620965044,1.0,0.089641,268.0,0.0998714184761933
86,86.0,86.0,86.0,86.0,92.0,98260.0,60.0,0.0060083376745981,0.01,0.001,0.001564,0.01,0.001,0.001564,0.004,0.0004,0.003318,0.003318,0.090407,0.0,0.889266,0.026719,0.003723,0.269015,50.2658,72.3061,26.5,0.1235999999999999,0.1,0.04944,0.04,-55.8078,5.878867872540882,5.878867872540882,0.0,0.0,0.0,0.0,0.0,0.0,0.0,0.0,0.0,0.0,0.0,0.0,0.0,0.0,0.0,0.0,0.0,0.0,3.0,5.0,6.40094e-314,40.0,0.0474101922966861,2.64607800752951,-0.2958752090135102,2.0,0.62305,983.0,0.5183271032206931
87,87.0,87.0,87.0,87.0,43.0,22936.0,36.0,0.0068158389165238,0.01,0.001,0.0109319,0.01,0.001,0.0109319,0.004,0.0004,0.004302,0.004302,0.119885,0.0,0.603754,0.026203,0.003391,0.245675,31.5839,71.6209,26.5,0.382,0.1,0.1528,0.04,-56.1499,10.05241030487654,10.05241030487654,0.0,0.0,0.0,0.0,0.0,0.0,0.0,0.0,0.0,0.0,0.0,0.0,0.0,0.0,0.0,0.0,0.0,0.0,3.0,5.0,6.41236e-314,42.5,0.1352538554336306,2.8250276579076496,-0.2892408794346428,1.0,0.080172,230.0,0.9321730053842482
88,88.0,88.0,88.0,88.0,101.0,93340.0,40.0,0.0100874482762569,0.01,0.001,0.0066608,0.01,0.001,0.0066608,0.004,0.0004,0.003056,0.003056,0.132056,0.0,1.10826,0.050502,0.006803,0.249866,43.1129,56.1937,26.5,0.6335200000000001,0.1,0.25336,0.04,-54.3405,9.606383336267001,9.606383336267001,0.0,0.0,0.0,0.0,0.0,0.0,0.0,0.0,0.0,0.0,0.0,0.0,0.0,0.0,0.0,0.0,0.0,0.0,3.0,5.0,6.47465e-314,42.0,0.1244186243464976,2.289007232621262,0.0939736054834549,1.0,0.259688,934.0,0.7623487992561278
89,89.0,89.0,89.0,89.0,29.0,30834.0,34.0,0.0187094737227308,0.01,0.001,0.0127397,0.01,0.001,0.0127397,0.004,0.0004,0.00464,0.00464,0.161999,0.0,0.533261,0.017662,0.006696,0.267969,48.4125,47.0551,26.5,0.0324,0.1,0.01296,0.04,-57.7648,10.274792835613553,10.274792835613553,0.0,0.0,0.0,0.0,0.0,0.0,0.0,0.0,0.0,0.0,0.0,0.0,0.0,0.0,0.0,0.0,0.0,0.0,3.0,5.0,6.47436e-314,43.5,0.0595513429711684,3.1161714535005176,-0.2500089866592993,3.0,0.326999,309.0,1.8548814497667747
90,90.0,90.0,90.0,90.0,7.0,30834.0,34.0,0.0114711681953668,0.01,0.001,0.0109135,0.01,0.001,0.0109135,0.004,0.0004,0.001109,0.001109,0.161999,0.0,0.533261,0.017662,0.006696,0.267969,48.4125,47.0551,26.5,0.0324,0.1,0.01296,0.04,-57.7648,13.208678601988336,13.208678601988336,0.0,0.0,0.0,0.0,0.0,0.0,0.0,0.0,0.0,0.0,0.0,0.0,0.0,0.0,0.0,0.0,0.0,0.0,3.0,5.0,6.47436e-314,43.5,0.0595513429711684,3.1161714535005176,-0.2500089866592993,3.0,0.326999,309.0,3.974983415489596
91,91.0,91.0,91.0,91.0,51.0,84443.0,43.0,0.0140346584313557,0.01,0.001,0.0102948,0.01,0.001,0.0102948,0.004,0.0004,0.003199,0.003199,0.146287,0.0,0.948789,0.036398,0.005208,0.241011,34.7926,57.9092,26.5,0.07968,0.1,0.03184,0.04,-57.7058,10.721892995157093,10.721892995157093,0.0,0.0,0.0,0.0,0.0,0.0,0.0,0.0,0.0,0.0,0.0,0.0,0.0,0.0,0.0,0.0,0.0,0.0,3.0,5.0,0.0,41.0,0.1565516012927089,3.249761223070533,-0.1124867599532217,1.0,0.322937,845.0,0.2393839104525806
92,92.0,92.0,92.0,92.0,98.0,30834.0,34.0,0.012754052722466,0.01,0.001,0.0059524,0.01,0.001,0.0059524,0.004,0.0004,0.00487,0.00487,0.161999,0.0,0.533261,0.017662,0.006696,0.267969,48.4125,47.0551,26.5,0.0324,0.1,0.01296,0.04,-57.7648,7.958131178836524,7.958131178836524,0.0,0.0,0.0,0.0,0.0,0.0,0.0,0.0,0.0,0.0,0.0,0.0,0.0,0.0,0.0,0.0,0.0,0.0,3.0,5.0,6.47436e-314,43.5,0.0595513429711684,3.1161714535005176,-0.2500089866592993,3.0,0.326999,309.0,1.593704645053729
93,93.0,93.0,93.0,93.0,74.0,28050.0,50.0,0.0094471520540284,0.01,0.001,0.0073876,0.01,0.001,0.0073876,0.004,0.0004,0.00269,0.00269,0.131007,0.0,0.505387,0.003971,0.003638,0.236606,35.9801,84.8582,26.5,0.11176,0.1,0.04472,0.04,-57.2207,10.275515668544577,10.275515668544577,0.0,0.0,0.0,0.0,0.0,0.0,0.0,0.0,0.0,0.0,0.0,0.0,0.0,0.0,0.0,0.0,0.0,0.0,3.0,5.0,4.28503e-314,47.0,0.064768454020247,3.3994582458594382,0.1019253771532071,4.0,0.386341,281.0,1.511057950124905
94,94.0,94.0,94.0,94.0,90.0,26557.0,57.0,0.0044721901147512,0.01,0.001,0.0137448,0.01,0.001,0.0137448,0.004,0.0004,0.001558,0.001558,0.136304,0.0,0.964616,0.03144,0.004968,0.269923,35.8184,61.2872,26.5,0.7784000000000001,0.1,0.31136,0.04,-59.5553,13.026659560163552,13.026659560163552,0.0,0.0,0.0,0.0,0.0,0.0,0.0,0.0,0.0,0.0,0.0,0.0,0.0,0.0,0.0,0.0,0.0,0.0,3.0,5.0,4.28043e-314,45.5,0.0764520898172316,2.5839193155513924,-0.0550796307158637,1.0,0.080251,266.0,2.47751886016822
95,95.0,95.0,95.0,95.0,39.0,61033.0,33.0,0.0025201614990188,0.01,0.001,0.0176341,0.01,0.001,0.0176341,0.004,0.0004,0.002938,0.002938,0.175556,0.0,0.670649,0.028634,0.008212,0.289875,35.9476,85.1163,26.5,0.11808,0.1,0.04728,0.04,-55.0532,12.276242292061744,12.276242292061744,0.0,0.0,0.0,0.0,0.0,0.0,0.0,0.0,0.0,0.0,0.0,0.0,0.0,0.0,0.0,0.0,0.0,0.0,3.0,5.0,6.47963e-314,51.0,0.0478350131887942,4.170507715602191,-0.1916858745625423,1.0,0.089422,611.0,0.0774027578475705
96,96.0,96.0,96.0,96.0,238.0,26520.0,20.0,0.0076415730117734,0.01,0.001,0.0098693,0.01,0.001,0.0098693,0.004,0.0004,0.002082,0.002082,0.138024,0.0,0.636181,0.024759,0.003806,0.300513,47.771,32.9172,26.5,0.78952,0.1,0.31584,0.04,-58.2612,11.733020238984437,11.733020238984437,0.0,0.0,0.0,0.0,0.0,0.0,0.0,0.0,0.0,0.0,0.0,0.0,0.0,0.0,0.0,0.0,0.0,0.0,3.0,5.0,6.47098e-314,53.5,0.0689942432579516,3.18614377365514,-0.113292180104619,1.0,0.053291,266.0,10.302219548349134
97,97.0,97.0,97.0,97.0,103.0,59288.0,88.0,0.0109480529166437,0.01,0.001,0.0129996,0.01,0.001,0.0129996,0.004,0.0004,0.002942,0.002942,0.153837,0.0,0.792337,0.03906,0.001713,0.261304,48.1723,38.9807,26.5,0.06656,0.1,0.02664,0.04,-56.4593,11.559787446423277,11.559787446423277,0.0,0.0,0.0,0.0,0.0,0.0,0.0,0.0,0.0,0.0,0.0,0.0,0.0,0.0,0.0,0.0,0.0,0.0,3.0,5.0,6.4722e-314,56.0,0.0569602269311784,3.7518484206960734,-0.1031413131766401,2.0,0.415612,593.0,6.14310629514372
98,98.0,98.0,98.0,98.0,161.0,48844.0,44.0,0.0087035428030572,0.01,0.001,0.013938,0.01,0.001,0.013938,0.004,0.0004,0.002618,0.002618,0.123167,0.0,0.813395,0.04606,0.010708,0.239144,36.3017,51.0969,26.5,0.08992,0.1,0.036,0.04,-56.0625,12.007918417107568,12.007918417107568,0.0,0.0,0.0,0.0,0.0,0.0,0.0,0.0,0.0,0.0,0.0,0.0,0.0,0.0,0.0,0.0,0.0,0.0,3.0,5.0,0.0,15.0,0.2720563388494896,1.746455933671681,0.8068734525406234,2.0,0.360717,489.0,0.0560098807242176
99,99.0,99.0,99.0,99.0,160.0,14010.0,10.0,0.0154371172022193,0.01,0.001,0.00782,0.01,0.001,0.00782,0.004,0.0004,0.001885,0.001885,0.116018,0.0,0.834204,0.049134,0.010386,0.16971,38.325,35.7532,26.5,0.10824,0.1,0.04328,0.04,-57.6004,11.400127587709074,11.400127587709074,0.0,0.0,0.0,0.0,0.0,0.0,0.0,0.0,0.0,0.0,0.0,0.0,0.0,0.0,0.0,0.0,0.0,0.0,3.0,5.0,1e-323,4.5,0.3642236488056772,-0.5378697235056932,1.0770731141627266,2.0,0.197436,141.0,0.0080457733911297
