,Unnamed: 0.6,Unnamed: 0.5,Unnamed: 0.4,Unnamed: 0.3,Unnamed: 0.2,Unnamed: 0.1,Unnamed: 0,gTON_STN_MEAN_nS_pF,gTON_STN_SIGMA,gTON_STN_THETA,gTON_CL_S_MEAN_nS_pF,gTON_CL_S_SIGMA,gTON_CL_S_THETA,gTON_CL_D_MEAN_nS_pF,gTON_CL_D_SIGMA,gTON_CL_D_THETA,gKCC2_S_nS_pF,gKCC2_D_nS_pF,gTRPC3_nS_pF,gHCN_nS_pF,gCA_nS_pF,gL_nS_pF,gSK_nS_pF,gNAP_nS_pF,gNAF_nS_pF,gKDR_nS_pF,gSD_nS,soma_noise_intensity,soma_noise_intensity_theta,dend_noise_intensity,dend_noise_intensity_theta,Eleak_mV,CL_in_S,CL_in_D,Iapp,Iapp_dend,gpe_stim,gpe_stim_freqs,gpe_poisson,W_gpe,gpe_start_time,gpe_base_length,gpe_stim_length,gpe_post_length,str_stim,str_stim_freqs,str_poisson,W_str,str_start_time,str_base_length,str_stim_length,str_post_length,tausyn,tauexc,tausyn_dend,pre_exp_fr,pre_exp_cv,pre_exp_fr_zscore,pre_exp_cv_zscore,connections,total_weight,sim,rel_error
0,0.0,0.0,0.0,0.0,214.0,88464.0,64.0,0.0410384490800166,0.02,0.001,0.009622,0.02,0.001,0.009622,0.008,0.0004,0.00071,0.00071,0.092801,0.0,0.752844,0.047607,0.012124,0.143029,36.3532,51.4186,26.5,0.01082,0.1,0.00432,0.04,-56.3391,13.667737500415669,13.667737500415669,0.0,0.0,0.0,0.0,0.0,0.0,0.0,0.0,0.0,0.0,0.0,0.0,0.0,0.0,0.0,0.0,0.0,0.0,3.0,5.0,3.14384e-319,5.0,0.1980513761816469,-0.4387789792136601,0.6224500282030175,2.0,0.573553,885.0,0.0033797592753633
1,1.0,1.0,1.0,1.0,108.0,40340.0,40.0,0.0491051802027731,0.02,0.001,0.0024327,0.02,0.001,0.0024327,0.008,0.0004,0.001247,0.001247,0.097175,0.0,0.670463,0.05095,0.009722,0.164694,36.7917,51.0825,26.5,0.21246,0.1,0.08498,0.04,-58.5843,9.282666697945162,9.282666697945162,0.0,0.0,0.0,0.0,0.0,0.0,0.0,0.0,0.0,0.0,0.0,0.0,0.0,0.0,0.0,0.0,0.0,0.0,3.0,5.0,6.47676e-314,4.0,0.1255235477773912,-0.9693743240202708,-0.4991599899044349,3.0,0.678953,404.0,0.0031166807798857
2,2.0,2.0,2.0,2.0,23.0,66110.0,10.0,0.0523333501138977,0.02,0.001,0.011322,0.02,0.001,0.011322,0.008,0.0004,0.001314,0.001314,0.100318,0.0,1.19935,0.015899,0.010233,0.210238,29.0481,18.641,26.5,0.2713,0.1,0.10852,0.04,-56.5581,12.985612467702426,12.985612467702426,0.0,0.0,0.0,0.0,0.0,0.0,0.0,0.0,0.0,0.0,0.0,0.0,0.0,0.0,0.0,0.0,0.0,0.0,3.0,5.0,1e-323,3.5,0.0872836680596964,-0.5687580516638726,-0.2804324911293014,3.0,0.71033,662.0,0.0382155270387607
3,3.0,3.0,3.0,3.0,121.0,65356.0,56.0,0.0595301482497112,0.02,0.001,0.0019278,0.02,0.001,0.0019278,0.008,0.0004,0.003553,0.003553,0.111747,0.0,0.756412,0.058242,0.01307,0.270877,9.96719,61.3923,26.5,0.21852,0.1,0.0873999999999999,0.04,-57.0407,6.118274684909474,6.118274684909474,0.0,0.0,0.0,0.0,0.0,0.0,0.0,0.0,0.0,0.0,0.0,0.0,0.0,0.0,0.0,0.0,0.0,0.0,3.0,5.0,6.48277e-314,4.5,0.1593299063170794,-0.4695223115846195,0.2390209922799568,1.0,0.293047,654.0,0.0452890652481088
4,4.0,4.0,4.0,4.0,134.0,83141.0,41.0,0.0515651208804883,0.02,0.001,0.0074664,0.02,0.001,0.0074664,0.008,0.0004,0.001063,0.001063,0.106711,0.0,0.613854,0.048737,0.006151,0.126082,32.6539,48.2419,26.5,0.26182,0.1,0.10472,0.04,-59.5337,12.603244936924115,12.603244936924115,0.0,0.0,0.0,0.0,0.0,0.0,0.0,0.0,0.0,0.0,0.0,0.0,0.0,0.0,0.0,0.0,0.0,0.0,3.0,5.0,6.43493e-314,1.5,0.3396957864020186,-1.2288385601237133,1.1028568221413688,6.0,1.429099,832.0,0.0350690184902967
5,5.0,5.0,5.0,5.0,224.0,124005.0,5.0,0.0634785250464642,0.02,0.001,0.0080614,0.02,0.001,0.0080614,0.008,0.0004,0.003392,0.003392,0.113634,0.0,0.546054,0.049139,0.009404,0.197402,39.4139,30.6725,26.5,0.02896,0.1,0.01158,0.04,-57.8008,9.858484457647787,9.858484457647787,0.0,0.0,0.0,0.0,0.0,0.0,0.0,0.0,0.0,0.0,0.0,0.0,0.0,0.0,0.0,0.0,0.0,0.0,3.0,5.0,0.0,4.0,0.391251457272221,-0.5207775555713372,1.3999410852843266,3.0,1.5485,1241.0,0.0353312884318853
6,6.0,6.0,6.0,6.0,172.0,124120.0,20.0,0.0475948715055113,0.02,0.001,0.0045441,0.02,0.001,0.0045441,0.008,0.0004,0.000439,0.000439,0.110732,0.0,0.764274,0.054807,0.008124,0.1595,43.4084,63.5912,26.5,0.1769799999999999,0.1,0.0708,0.04,-58.9219,13.288385270281761,13.288385270281761,0.0,0.0,0.0,0.0,0.0,0.0,0.0,0.0,0.0,0.0,0.0,0.0,0.0,0.0,0.0,0.0,0.0,0.0,3.0,5.0,6.47844e-314,4.0,0.1989401832901281,-0.4660118681991761,0.21086965607091,1.0,0.238459,1242.0,0.0065670445809396
7,7.0,7.0,7.0,7.0,234.0,133404.0,4.0,0.0560535633713274,0.02,0.001,0.0015215,0.02,0.001,0.0015215,0.008,0.0004,0.003233,0.003233,0.073117,0.0,0.431631,0.05657,0.009046,0.201649,52.7922,43.0445,26.5,0.01184,0.1,0.0047399999999999,0.04,-57.4641,5.876283562857903,5.876283562857903,0.0,0.0,0.0,0.0,0.0,0.0,0.0,0.0,0.0,0.0,0.0,0.0,0.0,0.0,0.0,0.0,0.0,0.0,3.0,5.0,0.0,5.0,0.2721036955415562,-0.3899621993739819,0.826815183283352,2.0,0.7956460000000001,1335.0,0.0008177599215028
8,8.0,8.0,8.0,8.0,120.0,103267.0,67.0,0.0417848865855384,0.02,0.001,0.0124423,0.02,0.001,0.0124423,0.008,0.0004,0.000934,0.000934,0.09207,0.0,0.810504,0.043855,0.008438,0.192658,34.6124,54.8244,26.5,0.01942,0.1,0.00778,0.04,-58.3522,13.645774789316603,13.645774789316603,0.0,0.0,0.0,0.0,0.0,0.0,0.0,0.0,0.0,0.0,0.0,0.0,0.0,0.0,0.0,0.0,0.0,0.0,3.0,5.0,4.26895e-314,3.0,0.2462019474422914,-1.2643904176053913,0.5350486046522148,2.0,0.864421,1033.0,0.0570580155796216
9,9.0,9.0,9.0,9.0,189.0,58548.0,48.0,0.0460237343817912,0.02,0.001,0.0083572,0.02,0.001,0.0083572,0.008,0.0004,0.000959,0.000959,0.122837,0.0,0.792789,0.043561,0.006943,0.193692,42.626,38.7329,26.5,0.24466,0.1,0.09786,0.04,-57.2622,13.005384578124453,13.005384578124453,0.0,0.0,0.0,0.0,0.0,0.0,0.0,0.0,0.0,0.0,0.0,0.0,0.0,0.0,0.0,0.0,0.0,0.0,3.0,5.0,1.16585e-54,9.5,0.3273937893938073,0.1668730430078696,1.1054494725058597,3.0,0.5384329999999999,586.0,0.0244343795076215
10,10.0,10.0,10.0,10.0,167.0,42252.0,52.0,0.0434367408692342,0.02,0.001,0.0031076,0.02,0.001,0.0031076,0.008,0.0004,0.007051,0.007051,0.112891,0.0,0.732641,0.044424,0.00803,0.146116,44.1692,53.0108,26.5,0.01986,0.1,0.00794,0.04,-57.7285,5.772772693485653,5.772772693485653,0.0,0.0,0.0,0.0,0.0,0.0,0.0,0.0,0.0,0.0,0.0,0.0,0.0,0.0,0.0,0.0,0.0,0.0,3.0,5.0,6.41321e-314,8.5,0.494507504299548,-0.1418973249540882,1.3162429017963329,2.0,0.240822,423.0,0.0083864631114698
11,11.0,11.0,11.0,11.0,102.0,1853.0,53.0,0.0651785624624404,0.02,0.001,0.0051595,0.02,0.001,0.0051595,0.008,0.0004,0.001055,0.001055,0.086169,0.0,0.798471,0.036765,0.008085,0.171093,33.7487,47.2315,26.5,0.0220399999999999,0.1,0.00882,0.04,-57.287,11.808300668785245,11.808300668785245,0.0,0.0,0.0,0.0,0.0,0.0,0.0,0.0,0.0,0.0,0.0,0.0,0.0,0.0,0.0,0.0,0.0,0.0,3.0,5.0,4.26863e-314,8.5,0.1154294022543187,0.0809781793206134,-0.3109615887683641,2.0,0.227193,19.0,0.0083678699331265
12,12.0,12.0,12.0,12.0,176.0,108040.0,40.0,0.0518978159213361,0.02,0.001,0.0100572,0.02,0.001,0.0100572,0.008,0.0004,0.002845,0.002845,0.104543,0.0,0.755549,0.039465,0.008574,0.162913,31.783,49.2205,26.5,0.0158,0.1,0.0063199999999999,0.04,-57.9872,10.978777306766604,10.978777306766604,0.0,0.0,0.0,0.0,0.0,0.0,0.0,0.0,0.0,0.0,0.0,0.0,0.0,0.0,0.0,0.0,0.0,0.0,3.0,5.0,6.44623e-314,6.5,0.3800633578955626,-0.6332117167401804,1.1360372301741355,2.0,0.8522890000000001,1081.0,0.0106280634382625
13,13.0,13.0,13.0,13.0,241.0,88926.0,26.0,0.0425979610641683,0.02,0.001,0.0033388,0.02,0.001,0.0033388,0.008,0.0004,0.002108,0.002108,0.063839,0.0,0.470485,0.027191,0.009969,0.186572,47.0454,20.4499,26.5,0.19064,0.1,0.07626,0.04,-58.4085,8.679583645378123,8.679583645378123,0.0,0.0,0.0,0.0,0.0,0.0,0.0,0.0,0.0,0.0,0.0,0.0,0.0,0.0,0.0,0.0,0.0,0.0,3.0,5.0,4.11e-321,5.5,0.4658087204834373,-0.4470508676769117,1.5797431871171563,2.0,0.538683,890.0,0.0012526008217884
14,14.0,14.0,14.0,14.0,97.0,102394.0,94.0,0.0404716891144083,0.02,0.001,0.0069938,0.02,0.001,0.0069938,0.008,0.0004,0.001135,0.001135,0.112145,0.0,0.707563,0.03049,0.010409,0.17571,36.0426,54.3682,26.5,0.18828,0.1,0.07532,0.04,-60.7226,12.33289661453407,12.33289661453407,0.0,0.0,0.0,0.0,0.0,0.0,0.0,0.0,0.0,0.0,0.0,0.0,0.0,0.0,0.0,0.0,0.0,0.0,3.0,5.0,6.47327e-314,8.0,0.2531674228492009,-0.218622931393375,0.5495789551185586,1.0,0.375307,1024.0,0.0039239489357266
15,15.0,15.0,15.0,15.0,193.0,19149.0,49.0,0.0570772398811185,0.02,0.001,0.0021607,0.02,0.001,0.0021607,0.008,0.0004,0.000878,0.000878,0.128077,0.0,0.846194,0.031748,0.01435,0.236351,32.1249,56.4262,26.5,0.2745999999999999,0.1,0.10984,0.04,-57.784,9.959671244922099,9.959671244922099,0.0,0.0,0.0,0.0,0.0,0.0,0.0,0.0,0.0,0.0,0.0,0.0,0.0,0.0,0.0,0.0,0.0,0.0,3.0,5.0,6.41663e-314,9.0,0.3542399154597326,-0.0632888037083952,0.933455787648628,3.0,0.359607,192.0,0.0143051857809303
16,16.0,16.0,16.0,16.0,89.0,74804.0,4.0,0.0409037543744902,0.02,0.001,0.0115872,0.02,0.001,0.0115872,0.008,0.0004,0.004309,0.004309,0.096489,0.0,0.655395,0.04531,0.009221,0.16168,41.1366,52.1033,26.5,0.0208,0.1,0.00832,0.04,-55.8911,10.215229270890168,10.215229270890168,0.0,0.0,0.0,0.0,0.0,0.0,0.0,0.0,0.0,0.0,0.0,0.0,0.0,0.0,0.0,0.0,0.0,0.0,3.0,5.0,0.0,7.0,0.3495862436722388,-0.0164055077626972,1.627848448769258,3.0,0.952438,749.0,0.0177092187246343
17,17.0,17.0,17.0,17.0,156.0,71137.0,37.0,0.0518329468339725,0.02,0.001,0.0041667,0.02,0.001,0.0041667,0.008,0.0004,0.001215,0.001215,0.097204,0.0,0.747414,0.03819,0.009838,0.194663,36.0366,51.5338,26.5,0.20014,0.1,0.0800599999999999,0.04,-55.9385,10.89648985035247,10.89648985035247,0.0,0.0,0.0,0.0,0.0,0.0,0.0,0.0,0.0,0.0,0.0,0.0,0.0,0.0,0.0,0.0,0.0,0.0,3.0,5.0,6.44739e-314,9.5,0.2824409159624964,0.188819648256702,0.3690583864324014,3.0,0.886979,712.0,0.0082042934133776
18,18.0,18.0,18.0,18.0,50.0,49470.0,70.0,0.0537652859175391,0.02,0.001,0.0017918,0.02,0.001,0.0017918,0.008,0.0004,0.005412,0.005412,0.097353,0.0,0.800857,0.02436,0.00954,0.110521,39.2931,38.8521,26.5,0.01842,0.1,0.00736,0.04,-54.1004,5.377469985885254,5.377469985885254,0.0,0.0,0.0,0.0,0.0,0.0,0.0,0.0,0.0,0.0,0.0,0.0,0.0,0.0,0.0,0.0,0.0,0.0,3.0,5.0,6.43945e-314,11.5,0.2307279149835355,0.4042280483453833,0.3482490937500056,1.0,0.202567,495.0,0.0110902251156885
19,19.0,19.0,19.0,19.0,76.0,34591.0,91.0,0.0463574257750786,0.02,0.001,0.0033184,0.02,0.001,0.0033184,0.008,0.0004,0.000745,0.000745,0.102552,0.0,0.814171,0.035675,0.008939,0.16557,34.0964,43.6397,26.5,0.20392,0.1,0.08156,0.04,-56.09,11.579822604609395,11.579822604609395,0.0,0.0,0.0,0.0,0.0,0.0,0.0,0.0,0.0,0.0,0.0,0.0,0.0,0.0,0.0,0.0,0.0,0.0,3.0,5.0,4.24726e-314,15.0,0.1958913195968947,1.104092728703738,-0.2986610040864502,2.0,0.38007,346.0,0.039987468953693
20,20.0,20.0,20.0,20.0,216.0,12499.0,99.0,0.044197888017225,0.02,0.001,0.0110024,0.02,0.001,0.0110024,0.008,0.0004,0.004877,0.004877,0.090098,0.0,0.738179,0.040877,0.00875,0.174312,43.957,30.5623,26.5,0.01418,0.1,0.00568,0.04,-56.1126,9.70687847591942,9.70687847591942,0.0,0.0,0.0,0.0,0.0,0.0,0.0,0.0,0.0,0.0,0.0,0.0,0.0,0.0,0.0,0.0,0.0,0.0,3.0,5.0,2.12725e-314,11.5,0.1682809982308427,0.3461069019321245,0.0153514841665969,1.0,0.115171,125.0,0.0807423050556524
21,21.0,21.0,21.0,21.0,198.0,79301.0,1.0,0.0743026200093301,0.02,0.001,0.001156,0.02,0.001,0.001156,0.008,0.0004,0.003318,0.003318,0.103873,0.0,1.03845,0.048199,0.006811,0.22498,26.4192,53.4346,26.5,0.19652,0.1,0.0786,0.04,-56.588,5.441550486161675,5.441550486161675,0.0,0.0,0.0,0.0,0.0,0.0,0.0,0.0,0.0,0.0,0.0,0.0,0.0,0.0,0.0,0.0,0.0,0.0,3.0,5.0,0.0,14.0,0.4190266740930285,0.5455811758118222,1.2683512682241371,1.0,0.226099,794.0,0.0031636813669761
22,22.0,22.0,22.0,22.0,154.0,78338.0,38.0,0.047407156298705,0.02,0.001,0.0051816,0.02,0.001,0.0051816,0.008,0.0004,0.003785,0.003785,0.125749,0.0,0.940776,0.048429,0.010012,0.17853,37.8195,45.6847,26.5,0.21038,0.1,0.08416,0.04,-58.1594,8.268327910799034,8.268327910799034,0.0,0.0,0.0,0.0,0.0,0.0,0.0,0.0,0.0,0.0,0.0,0.0,0.0,0.0,0.0,0.0,0.0,0.0,3.0,5.0,4.28057e-314,12.5,0.0584414759591098,0.4138199439413568,-0.9554411060123882,0.0,0.0,784.0,0.1349879172091372
23,23.0,23.0,23.0,23.0,164.0,21758.0,58.0,0.060895154131301,0.02,0.001,0.0066351,0.02,0.001,0.0066351,0.008,0.0004,0.002057,0.002057,0.08992,0.0,0.39715,0.029465,0.011572,0.167639,30.68,25.5915,26.5,0.18,0.1,0.072,0.04,-55.3313,10.728325805976281,10.728325805976281,0.0,0.0,0.0,0.0,0.0,0.0,0.0,0.0,0.0,0.0,0.0,0.0,0.0,0.0,0.0,0.0,0.0,0.0,3.0,5.0,6.44129e-314,12.5,0.1473167305482114,0.159284051568527,0.1393797118326423,1.0,0.065065,218.0,0.0847959576522426
24,24.0,24.0,24.0,24.0,117.0,43588.0,88.0,0.0383664734173409,0.02,0.001,0.0114359,0.02,0.001,0.0114359,0.008,0.0004,0.004226,0.004226,0.107309,0.0,0.713701,0.031538,0.009261,0.168477,38.2209,67.9345,26.5,0.2033799999999999,0.1,0.0813599999999999,0.04,-58.4093,10.233296465349472,10.233296465349472,0.0,0.0,0.0,0.0,0.0,0.0,0.0,0.0,0.0,0.0,0.0,0.0,0.0,0.0,0.0,0.0,0.0,0.0,3.0,5.0,6.47618e-314,12.5,0.2725913473417835,0.4052866646416463,0.5846549612211338,3.0,0.484799,436.0,0.0081467649532005
25,25.0,25.0,25.0,25.0,141.0,24121.0,21.0,0.0437862583079652,0.02,0.001,0.0112149,0.02,0.001,0.0112149,0.008,0.0004,0.002358,0.002358,0.111692,0.0,0.785676,0.037941,0.011605,0.242746,37.1989,36.0446,26.5,0.14276,0.1,0.0571,0.04,-56.0436,11.74110256625484,11.74110256625484,0.0,0.0,0.0,0.0,0.0,0.0,0.0,0.0,0.0,0.0,0.0,0.0,0.0,0.0,0.0,0.0,0.0,0.0,3.0,5.0,4.25267e-314,13.5,0.1086859170487177,0.337601707425912,-0.1698934610330177,1.0,0.059864,242.0,0.2015567140014074
26,26.0,26.0,26.0,26.0,26.0,61006.0,6.0,0.0427623180176406,0.02,0.001,0.0025364,0.02,0.001,0.0025364,0.008,0.0004,0.002283,0.002283,0.107612,0.0,0.49744,0.038593,0.012606,0.205416,34.2086,51.1983,26.5,0.02314,0.1,0.00926,0.04,-54.8263,7.7050451699678515,7.7050451699678515,0.0,0.0,0.0,0.0,0.0,0.0,0.0,0.0,0.0,0.0,0.0,0.0,0.0,0.0,0.0,0.0,0.0,0.0,3.0,5.0,0.0,11.5,0.0793573006786904,0.423548662576226,-0.0486815412663126,1.0,0.137736,611.0,0.0383820043228952
27,27.0,27.0,27.0,27.0,191.0,22994.0,94.0,0.0432936271365701,0.02,0.001,0.0016031,0.02,0.001,0.0016031,0.008,0.0004,0.004574,0.004574,0.160091,0.0,0.287581,0.049332,0.010597,0.220027,28.9419,47.6055,26.5,0.2827,0.1,0.11308,0.04,-59.8925,5.449197170140027,5.449197170140027,0.0,0.0,0.0,0.0,0.0,0.0,0.0,0.0,0.0,0.0,0.0,0.0,0.0,0.0,0.0,0.0,0.0,0.0,3.0,5.0,6.41236e-314,13.5,0.2194457988656245,0.1428930342598565,0.0989465430755205,2.0,0.274919,230.0,0.0967323466453676
28,28.0,28.0,28.0,28.0,36.0,46360.0,60.0,0.0560857976753559,0.02,0.001,0.0038046,0.02,0.001,0.0038046,0.008,0.0004,0.002208,0.002208,0.106976,0.0,0.533834,0.030976,0.008963,0.134872,36.262,51.4034,26.5,0.24438,0.1,0.09774,0.04,-57.2387,8.921885507666378,8.921885507666378,0.0,0.0,0.0,0.0,0.0,0.0,0.0,0.0,0.0,0.0,0.0,0.0,0.0,0.0,0.0,0.0,0.0,0.0,3.0,5.0,6.4833e-314,12.0,0.0592225220220368,0.4748472663323413,-0.6802167909029855,0.0,0.0,464.0,0.0644464132600041
29,29.0,29.0,29.0,29.0,56.0,122806.0,6.0,0.0513062158886379,0.02,0.001,0.0064209,0.02,0.001,0.0064209,0.008,0.0004,0.004607,0.004607,0.120299,0.0,0.281659,0.028491,0.014497,0.186541,44.4114,54.3134,26.5,0.0218,0.1,0.00872,0.04,-58.573,8.31818000625947,8.31818000625947,0.0,0.0,0.0,0.0,0.0,0.0,0.0,0.0,0.0,0.0,0.0,0.0,0.0,0.0,0.0,0.0,0.0,0.0,3.0,5.0,0.0,15.0,0.2374074746593366,0.6953163237692611,0.2949573459555362,1.0,0.353473,1229.0,0.0194928339354373
30,30.0,30.0,30.0,30.0,16.0,60088.0,88.0,0.0517633103870506,0.02,0.001,0.0064294,0.02,0.001,0.0064294,0.008,0.0004,0.001723,0.001723,0.105033,0.0,0.966678,0.016812,0.010501,0.175653,36.6325,30.9438,26.5,0.01766,0.1,0.00706,0.04,-55.9236,11.1236442543725,11.1236442543725,0.0,0.0,0.0,0.0,0.0,0.0,0.0,0.0,0.0,0.0,0.0,0.0,0.0,0.0,0.0,0.0,0.0,0.0,3.0,5.0,6.40995e-314,16.0,0.2854619022450324,0.5276431840801881,0.6024260775877389,3.0,0.819856,601.0,0.0837632090945202
31,31.0,31.0,31.0,31.0,225.0,72175.0,75.0,0.0325306001641369,0.02,0.001,0.0072131,0.02,0.001,0.0072131,0.008,0.0004,0.005873,0.005873,0.09986,0.0,0.731563,0.036167,0.008542,0.195821,32.9312,60.2685,26.5,0.2352999999999999,0.1,0.09412,0.04,-58.3061,7.9711528697935154,7.9711528697935154,0.0,0.0,0.0,0.0,0.0,0.0,0.0,0.0,0.0,0.0,0.0,0.0,0.0,0.0,0.0,0.0,0.0,0.0,3.0,5.0,6.43948e-314,15.5,0.2485964798722699,1.2079308288681592,0.4460052457902674,1.0,0.324885,722.0,0.0016106008317993
32,32.0,32.0,32.0,32.0,37.0,120711.0,11.0,0.0474102820609726,0.02,0.001,0.0103003,0.02,0.001,0.0103003,0.008,0.0004,0.00376,0.00376,0.144277,0.0,0.670741,0.048581,0.007305,0.192516,35.7342,40.9666,26.5,0.25886,0.1,0.10354,0.04,-58.1817,10.268349605802058,10.268349605802058,0.0,0.0,0.0,0.0,0.0,0.0,0.0,0.0,0.0,0.0,0.0,0.0,0.0,0.0,0.0,0.0,0.0,0.0,3.0,5.0,4.24399e-314,17.5,0.2081639239076635,1.0047330287124872,0.3571344257311782,3.0,1.158579,1208.0,0.0045073253137514
33,33.0,33.0,33.0,33.0,168.0,22510.0,10.0,0.0389103539917344,0.02,0.001,0.0083538,0.02,0.001,0.0083538,0.008,0.0004,0.012083,0.012083,0.117755,0.0,0.784945,0.047659,0.004951,0.221608,42.3168,77.2786,26.5,0.24132,0.1,0.0965399999999999,0.04,-59.6367,6.586964380716451,6.586964380716451,0.0,0.0,0.0,0.0,0.0,0.0,0.0,0.0,0.0,0.0,0.0,0.0,0.0,0.0,0.0,0.0,0.0,0.0,3.0,5.0,1e-323,18.0,0.186832725330805,1.08509837977487,0.3470558812825028,3.0,0.276453,226.0,0.0102339257310967
34,34.0,34.0,34.0,34.0,58.0,95750.0,50.0,0.0601253235964164,0.02,0.001,0.003638,0.02,0.001,0.003638,0.008,0.0004,0.000796,0.000796,0.138017,0.0,0.390733,0.041416,0.013887,0.204617,45.5526,110.872,26.5,0.18606,0.1,0.07442,0.04,-56.2134,11.643642075631245,11.643642075631245,0.0,0.0,0.0,0.0,0.0,0.0,0.0,0.0,0.0,0.0,0.0,0.0,0.0,0.0,0.0,0.0,0.0,0.0,3.0,5.0,4.28302e-314,16.5,0.1419474178626409,0.6785160029886479,0.2346507782557349,1.0,0.342883,958.0,0.1789362305263595
35,35.0,35.0,35.0,35.0,174.0,20838.0,38.0,0.0355648694324959,0.02,0.001,0.0167178,0.02,0.001,0.0167178,0.008,0.0004,0.004207,0.004207,0.120055,0.0,0.488331,0.035333,0.005687,0.145345,42.9498,64.2633,26.5,0.0312599999999999,0.1,0.0125,0.04,-56.3019,11.28903594345683,11.28903594345683,0.0,0.0,0.0,0.0,0.0,0.0,0.0,0.0,0.0,0.0,0.0,0.0,0.0,0.0,0.0,0.0,0.0,0.0,3.0,5.0,4.25246e-314,20.0,0.1050262684824146,1.0535514261330068,0.3048108901683382,1.0,0.117489,209.0,0.4910047883491287
36,36.0,36.0,36.0,36.0,71.0,21607.0,7.0,0.0632050880253121,0.02,0.001,0.0167178,0.02,0.001,0.0167178,0.008,0.0004,0.004207,0.004207,0.076345,0.0,0.795519,0.039331,0.004874,0.169365,46.1133,54.0193,26.5,0.0225,0.1,0.009,0.04,-57.0061,11.28903594345683,11.28903594345683,0.0,0.0,0.0,0.0,0.0,0.0,0.0,0.0,0.0,0.0,0.0,0.0,0.0,0.0,0.0,0.0,0.0,0.0,3.0,5.0,0.0,15.5,0.1431466532866173,0.5018531672878964,-0.0277090807156079,2.0,0.161585,217.0,0.0724591015494246
37,37.0,37.0,37.0,37.0,6.0,133880.0,80.0,0.0541028717270542,0.02,0.001,0.0041123,0.02,0.001,0.0041123,0.008,0.0004,0.004405,0.004405,0.080924,0.0,0.74922,0.040325,0.004993,0.209732,37.7276,66.9902,26.5,0.0204799999999999,0.1,0.00818,0.04,-57.7179,7.265978883385064,7.265978883385064,0.0,0.0,0.0,0.0,0.0,0.0,0.0,0.0,0.0,0.0,0.0,0.0,0.0,0.0,0.0,0.0,0.0,0.0,3.0,5.0,6.40895e-314,15.5,0.2106031978024833,1.0828414807602111,0.652516487392647,1.0,0.355689,1339.0,0.0356893106077791
38,38.0,38.0,38.0,38.0,136.0,110112.0,12.0,0.0417465173641219,0.02,0.001,0.0046087,0.02,0.001,0.0046087,0.008,0.0004,0.004581,0.004581,0.082425,0.0,0.792463,0.033469,0.007038,0.20253,30.4112,65.3785,26.5,0.26972,0.1,0.1079,0.04,-55.7178,7.450903438789969,7.450903438789969,0.0,0.0,0.0,0.0,0.0,0.0,0.0,0.0,0.0,0.0,0.0,0.0,0.0,0.0,0.0,0.0,0.0,0.0,3.0,5.0,4.24872e-314,16.0,0.1615070143926313,1.073567328717819,-0.4329091246901124,1.0,0.347311,1102.0,0.0782184371885927
39,39.0,39.0,39.0,39.0,153.0,11941.0,41.0,0.0685118606387613,0.02,0.001,0.0065263,0.02,0.001,0.0065263,0.008,0.0004,0.002858,0.002858,0.121019,0.0,0.838432,0.045594,0.005488,0.161376,38.2499,51.8679,26.5,0.14,0.1,0.056,0.04,-56.6927,9.742242159510612,9.742242159510612,0.0,0.0,0.0,0.0,0.0,0.0,0.0,0.0,0.0,0.0,0.0,0.0,0.0,0.0,0.0,0.0,0.0,0.0,3.0,5.0,6.41353e-314,18.0,0.1816544079224633,1.6644621754098936,-0.0315568059334071,2.0,0.185615,120.0,0.1485121269402699
40,40.0,40.0,40.0,40.0,66.0,94494.0,94.0,0.0539882034722029,0.02,0.001,0.0048824,0.02,0.001,0.0048824,0.008,0.0004,0.005383,0.005383,0.127949,0.0,0.456384,0.028336,0.011368,0.236229,26.1818,19.6531,26.5,0.01726,0.1,0.0069,0.04,-58.023,7.1962442792687895,7.1962442792687895,0.0,0.0,0.0,0.0,0.0,0.0,0.0,0.0,0.0,0.0,0.0,0.0,0.0,0.0,0.0,0.0,0.0,0.0,3.0,5.0,6.40524e-314,17.5,0.5120054703775305,0.852356115540853,2.115766709662286,2.0,0.6438090000000001,945.0,0.0674162635089778
41,41.0,41.0,41.0,41.0,218.0,44251.0,51.0,0.0552265890695524,0.02,0.001,0.0059721,0.02,0.001,0.0059721,0.008,0.0004,0.006814,0.006814,0.125706,0.0,0.836427,0.031761,0.009391,0.187284,37.5066,51.4729,26.5,0.01722,0.1,0.0069,0.04,-57.6745,7.114605689353785,7.114605689353785,0.0,0.0,0.0,0.0,0.0,0.0,0.0,0.0,0.0,0.0,0.0,0.0,0.0,0.0,0.0,0.0,0.0,0.0,3.0,5.0,4.26302e-314,18.5,0.1820104393419271,1.2784960396933365,-0.007075049278676,1.0,0.237329,443.0,0.1168613417180725
42,42.0,42.0,42.0,42.0,204.0,85041.0,41.0,0.0397487238387785,0.02,0.001,0.0015912,0.02,0.001,0.0015912,0.008,0.0004,0.007674,0.007674,0.097202,0.0,0.790571,0.029749,0.009284,0.232551,30.2355,65.4053,26.5,0.01836,0.1,0.0073399999999999,0.04,-57.9266,4.902108146104879,4.902108146104879,0.0,0.0,0.0,0.0,0.0,0.0,0.0,0.0,0.0,0.0,0.0,0.0,0.0,0.0,0.0,0.0,0.0,0.0,3.0,5.0,6.47046e-314,19.5,0.12085780811689,1.2904294823175235,-0.1056412275856198,1.0,0.222095,851.0,0.1144499512073995
43,43.0,43.0,43.0,43.0,165.0,26531.0,31.0,0.035509776606733,0.02,0.001,0.0018343,0.02,0.001,0.0018343,0.008,0.0004,0.006576,0.006576,0.101552,0.0,0.514788,0.045626,0.004177,0.129921,51.8133,60.7931,26.5,0.0780599999999999,0.1,0.03122,0.04,-57.858,5.180912678881774,5.180912678881774,0.0,0.0,0.0,0.0,0.0,0.0,0.0,0.0,0.0,0.0,0.0,0.0,0.0,0.0,0.0,0.0,0.0,0.0,3.0,5.0,4.28045e-314,16.5,0.1383732512291215,0.4008556549253069,0.4282487185934217,2.0,0.189808,266.0,0.0884207262460412
44,44.0,44.0,44.0,44.0,251.0,22848.0,48.0,0.0567770491996588,0.02,0.001,0.0016745,0.02,0.001,0.0016745,0.008,0.0004,0.000322,0.000322,0.095252,0.0,0.213598,0.033867,0.007403,0.214067,34.5174,63.0115,26.5,0.02516,0.1,0.01006,0.04,-56.4925,11.953476299820283,11.953476299820283,0.0,0.0,0.0,0.0,0.0,0.0,0.0,0.0,0.0,0.0,0.0,0.0,0.0,0.0,0.0,0.0,0.0,0.0,3.0,5.0,1.47234e-21,20.0,0.251690253962964,1.0956357230866915,0.6935570852055487,3.0,0.334678,229.0,0.0184300069927643
45,45.0,45.0,45.0,45.0,86.0,80365.0,65.0,0.0467443355245018,0.02,0.001,0.0015878,0.02,0.001,0.0015878,0.008,0.0004,0.002781,0.002781,0.097717,0.0,0.634003,0.047309,0.006194,0.236617,30.5806,47.8137,26.5,0.14388,0.1,0.05756,0.04,-54.3827,6.210854511800567,6.210854511800567,0.0,0.0,0.0,0.0,0.0,0.0,0.0,0.0,0.0,0.0,0.0,0.0,0.0,0.0,0.0,0.0,0.0,0.0,3.0,5.0,6.44226e-314,16.0,0.2746524719487551,1.320252683460153,0.891061521546561,2.0,0.577625,804.0,0.0596327337802593
46,46.0,46.0,46.0,46.0,196.0,29385.0,85.0,0.0411415659582375,0.02,0.001,0.0102952,0.02,0.001,0.0102952,0.008,0.0004,0.001147,0.001147,0.088568,0.0,0.155552,0.063561,0.006196,0.307796,45.8005,30.1618,26.5,0.33512,0.1,0.1340599999999999,0.04,-58.2055,13.056315782921336,13.056315782921336,0.0,0.0,0.0,0.0,0.0,0.0,0.0,0.0,0.0,0.0,0.0,0.0,0.0,0.0,0.0,0.0,0.0,0.0,3.0,5.0,4.28613e-314,19.0,0.094734079824588,0.8547044989626471,0.0354665461053231,1.0,0.046283,294.0,0.1168733244910537
47,47.0,47.0,47.0,47.0,226.0,12688.0,88.0,0.0604991439420009,0.02,0.001,0.0076092,0.02,0.001,0.0076092,0.008,0.0004,0.003199,0.003199,0.118767,0.0,0.74727,0.036093,0.009167,0.203949,33.9212,32.176,26.5,0.01944,0.1,0.00778,0.04,-56.8906,9.860960822291275,9.860960822291275,0.0,0.0,0.0,0.0,0.0,0.0,0.0,0.0,0.0,0.0,0.0,0.0,0.0,0.0,0.0,0.0,0.0,0.0,3.0,5.0,6.40764e-314,21.0,0.1156120702609139,2.05584541594504,-0.3367058527926537,1.0,0.09284,127.0,0.1747465316701866
48,48.0,48.0,48.0,48.0,94.0,54745.0,45.0,0.0412789613183368,0.02,0.001,0.0026503,0.02,0.001,0.0026503,0.008,0.0004,0.004259,0.004259,0.109628,0.0,0.688839,0.046144,0.007535,0.267334,26.1469,49.9286,26.5,0.1284199999999999,0.1,0.05136,0.04,-57.5881,6.374507806995257,6.374507806995257,0.0,0.0,0.0,0.0,0.0,0.0,0.0,0.0,0.0,0.0,0.0,0.0,0.0,0.0,0.0,0.0,0.0,0.0,3.0,5.0,0.0,20.5,0.1727520956676436,1.2322270814246383,0.3612935028005978,2.0,0.337206,548.0,0.0374540195345945
49,49.0,49.0,49.0,49.0,34.0,66402.0,2.0,0.0770861090814091,0.02,0.001,0.0115838,0.02,0.001,0.0115838,0.008,0.0004,0.004,0.004,0.199406,0.0,0.697961,0.043449,0.004988,0.116859,47.9974,33.1802,26.5,0.0129799999999999,0.1,0.00518,0.04,-58.9593,10.42642263581659,10.42642263581659,0.0,0.0,0.0,0.0,0.0,0.0,0.0,0.0,0.0,0.0,0.0,0.0,0.0,0.0,0.0,0.0,0.0,0.0,3.0,5.0,0.0,24.0,0.1685231045542306,1.4327673761885136,0.2504689209474665,1.0,0.220953,665.0,0.3990539296554431
50,50.0,50.0,50.0,50.0,83.0,21315.0,15.0,0.066002715367863,0.02,0.001,0.0084065,0.02,0.001,0.0084065,0.008,0.0004,0.000484,0.000484,0.10956,0.0,0.648212,0.029583,0.004924,0.195508,34.9521,42.5006,26.5,0.261,0.1,0.1043999999999999,0.04,-58.9818,13.95451318498654,13.95451318498654,0.0,0.0,0.0,0.0,0.0,0.0,0.0,0.0,0.0,0.0,0.0,0.0,0.0,0.0,0.0,0.0,0.0,0.0,3.0,5.0,0.0,24.0,0.1720689016273245,1.7172847256870876,0.0430588727866305,4.0,0.519732,214.0,0.2819163349857607
51,51.0,51.0,51.0,51.0,77.0,29722.0,22.0,0.0463554022776677,0.02,0.001,0.0019499,0.02,0.001,0.0019499,0.008,0.0004,0.001863,0.001863,0.14402,0.0,0.915847,0.04759,0.008535,0.17441,42.1053,59.6534,26.5,0.4609,0.1,0.18436,0.04,-57.4789,7.551069369246948,7.551069369246948,0.0,0.0,0.0,0.0,0.0,0.0,0.0,0.0,0.0,0.0,0.0,0.0,0.0,0.0,0.0,0.0,0.0,0.0,3.0,5.0,6.40273e-314,21.0,0.0683089680562491,1.0770757018416477,0.0059501599046557,0.0,0.0,298.0,0.7640808248491099
52,52.0,52.0,52.0,52.0,215.0,79985.0,85.0,0.0603584667762995,0.02,0.001,0.0033405,0.02,0.001,0.0033405,0.008,0.0004,0.003412,0.003412,0.143312,0.0,0.708161,0.048404,0.010053,0.232016,54.7636,52.0571,26.5,0.2052999999999999,0.1,0.08212,0.04,-55.5915,7.382947010595184,7.382947010595184,0.0,0.0,0.0,0.0,0.0,0.0,0.0,0.0,0.0,0.0,0.0,0.0,0.0,0.0,0.0,0.0,0.0,0.0,3.0,5.0,4.28417e-314,24.0,0.2834478688278812,2.8072082229554622,0.6108692930639612,2.0,0.68435,800.0,0.1650289320120719
53,53.0,53.0,53.0,53.0,114.0,57567.0,67.0,0.0540425729512733,0.02,0.001,0.0064549,0.02,0.001,0.0064549,0.008,0.0004,0.003433,0.003433,0.146692,0.0,0.735958,0.035456,0.007325,0.195859,30.5441,59.2191,26.5,0.09778,0.1,0.0391199999999999,0.04,-58.1047,9.175234827850042,9.175234827850042,0.0,0.0,0.0,0.0,0.0,0.0,0.0,0.0,0.0,0.0,0.0,0.0,0.0,0.0,0.0,0.0,0.0,0.0,3.0,5.0,4.24816e-314,23.0,0.2021068276548624,1.8598470791211923,0.302335044186732,3.0,0.748523,576.0,0.0559030343147575
54,54.0,54.0,54.0,54.0,57.0,42382.0,82.0,0.0572225958866278,0.02,0.001,0.0080665,0.02,0.001,0.0080665,0.008,0.0004,0.001109,0.001109,0.103418,0.0,0.655649,0.037641,0.006003,0.193985,32.3078,38.254,26.5,0.21252,0.1,0.085,0.04,-58.3094,12.672046126472047,12.672046126472047,0.0,0.0,0.0,0.0,0.0,0.0,0.0,0.0,0.0,0.0,0.0,0.0,0.0,0.0,0.0,0.0,0.0,0.0,3.0,5.0,6.43609e-314,23.0,0.1472252287223521,1.5398161252864535,-0.093438357472583,3.0,0.542593,424.0,0.2727522749431366
55,55.0,55.0,55.0,55.0,111.0,61528.0,28.0,0.0402730403875465,0.02,0.001,0.0049742,0.02,0.001,0.0049742,0.008,0.0004,0.003548,0.003548,0.145005,0.0,0.635799,0.020523,0.010041,0.22912,38.5898,42.7146,26.5,0.10558,0.1,0.04222,0.04,-59.3354,8.33464241324775,8.33464241324775,0.0,0.0,0.0,0.0,0.0,0.0,0.0,0.0,0.0,0.0,0.0,0.0,0.0,0.0,0.0,0.0,0.0,0.0,3.0,5.0,4.82e-321,21.0,0.3058831061882089,0.8867815666990747,0.673371669790429,3.0,0.656038,616.0,0.020218993987553
56,56.0,56.0,56.0,56.0,240.0,65085.0,85.0,0.0437674801430425,0.02,0.001,0.007752,0.02,0.001,0.007752,0.008,0.0004,0.004858,0.004858,0.139965,0.0,0.469438,0.039782,0.007304,0.158764,37.1456,53.5085,26.5,0.0265,0.1,0.0106,0.04,-56.4363,8.700900881529591,8.700900881529591,0.0,0.0,0.0,0.0,0.0,0.0,0.0,0.0,0.0,0.0,0.0,0.0,0.0,0.0,0.0,0.0,0.0,0.0,3.0,5.0,4.2481e-314,21.5,0.2722272051275883,1.047704028535145,0.8072356206235789,1.0,0.146926,651.0,0.0873895049172111
57,57.0,57.0,57.0,57.0,195.0,21076.0,76.0,0.0431864604222464,0.02,0.001,0.0053873,0.02,0.001,0.0053873,0.008,0.0004,0.00674,0.00674,0.145857,0.0,0.945951,0.046435,0.008223,0.176519,54.1795,46.0887,26.5,0.0156,0.1,0.00624,0.04,-56.1827,6.901764322549423,6.901764322549423,0.0,0.0,0.0,0.0,0.0,0.0,0.0,0.0,0.0,0.0,0.0,0.0,0.0,0.0,0.0,0.0,0.0,0.0,3.0,5.0,6.43864e-314,24.0,0.0978327686381762,1.6552078487902575,-0.0017798802174551,5.0,0.382642,211.0,0.0105463403249596
58,58.0,58.0,58.0,58.0,35.0,130003.0,3.0,0.0542153780657569,0.02,0.001,0.0120309,0.02,0.001,0.0120309,0.008,0.0004,0.003449,0.003449,0.185947,0.0,0.871615,0.072568,0.006097,0.144292,50.1,51.7833,26.5,0.0361999999999999,0.1,0.01448,0.04,-56.2301,10.942712553295145,10.942712553295145,0.0,0.0,0.0,0.0,0.0,0.0,0.0,0.0,0.0,0.0,0.0,0.0,0.0,0.0,0.0,0.0,0.0,0.0,3.0,5.0,0.0,23.0,0.0840764170713814,1.0000627811570215,-0.2432342527365462,1.0,0.336105,1301.0,1.0859205236456748
59,59.0,59.0,59.0,59.0,212.0,62063.0,63.0,0.0516328619204408,0.02,0.001,0.0091103,0.02,0.001,0.0091103,0.008,0.0004,0.002319,0.002319,0.083783,0.0,0.909076,0.022494,0.001273,0.148739,30.1808,29.1558,26.5,0.02038,0.1,0.00814,0.04,-56.528,11.2591803700426,11.2591803700426,0.0,0.0,0.0,0.0,0.0,0.0,0.0,0.0,0.0,0.0,0.0,0.0,0.0,0.0,0.0,0.0,0.0,0.0,3.0,5.0,6.40951e-314,20.5,0.100988636438352,1.291532829213416,0.4635315614324083,2.0,0.283916,621.0,0.0175492678187006
60,60.0,60.0,60.0,60.0,62.0,55193.0,93.0,0.0403931930938615,0.02,0.001,0.0014093,0.02,0.001,0.0014093,0.008,0.0004,0.003182,0.003182,0.17112,0.0,0.435333,0.040368,0.005809,0.231387,35.1991,31.3488,26.5,0.20622,0.1,0.0825,0.04,-61.3484,5.780334674817877,5.780334674817877,0.0,0.0,0.0,0.0,0.0,0.0,0.0,0.0,0.0,0.0,0.0,0.0,0.0,0.0,0.0,0.0,0.0,0.0,3.0,5.0,6.47678e-314,23.5,0.1706295830980593,1.606014226894893,0.422252460729568,2.0,0.231447,552.0,0.0132417492355489
61,61.0,61.0,61.0,61.0,229.0,42495.0,95.0,0.0324011757534017,0.02,0.001,0.0022236,0.02,0.001,0.0022236,0.008,0.0004,0.002118,0.002118,0.106529,0.0,0.700664,0.046757,0.008013,0.234018,36.9777,57.7498,26.5,0.0189599999999999,0.1,0.00758,0.04,-57.0463,7.558895700595461,7.558895700595461,0.0,0.0,0.0,0.0,0.0,0.0,0.0,0.0,0.0,0.0,0.0,0.0,0.0,0.0,0.0,0.0,0.0,0.0,3.0,5.0,6.47938e-314,21.0,0.1330381136558349,1.5109175141030702,-0.3251509150289795,1.0,0.199903,425.0,0.1451200666466547
62,62.0,62.0,62.0,62.0,84.0,127005.0,5.0,0.0335811956499348,0.02,0.001,0.0039321,0.02,0.001,0.0039321,0.008,0.0004,0.001461,0.001461,0.133348,0.0,0.186576,0.032667,0.01237,0.230148,44.0754,77.2903,26.5,0.0073399999999999,0.1,0.00294,0.04,-57.9234,10.217686373343401,10.217686373343401,0.0,0.0,0.0,0.0,0.0,0.0,0.0,0.0,0.0,0.0,0.0,0.0,0.0,0.0,0.0,0.0,0.0,0.0,3.0,5.0,0.0,22.0,0.132859906548268,1.0503925806471106,-0.0416977022472413,3.0,1.0374560000000002,1271.0,0.249125745212017
63,63.0,63.0,63.0,63.0,177.0,119700.0,0.0,0.0430449017218244,0.02,0.001,0.004437,0.02,0.001,0.004437,0.008,0.0004,0.000934,0.000934,0.145187,0.0,0.737116,0.039815,0.010007,0.22361,36.4755,60.8161,26.5,0.22624,0.1,0.0905,0.04,-58.2973,11.73825852541076,11.73825852541076,0.0,0.0,0.0,0.0,0.0,0.0,0.0,0.0,0.0,0.0,0.0,0.0,0.0,0.0,0.0,0.0,0.0,0.0,3.0,5.0,6.4691e-314,22.0,0.2942137465696605,1.276581441387966,1.0089290075115644,3.0,1.329068,1198.0,0.0253942215797151
64,64.0,64.0,64.0,64.0,42.0,59725.0,25.0,0.0445424965055219,0.02,0.001,0.0054451,0.02,0.001,0.0054451,0.008,0.0004,0.00581,0.00581,0.134088,0.0,0.492508,0.040485,0.007895,0.16807,59.1693,39.5836,26.5,0.257,0.1,0.1027999999999999,0.04,-58.2088,7.27545884618546,7.27545884618546,0.0,0.0,0.0,0.0,0.0,0.0,0.0,0.0,0.0,0.0,0.0,0.0,0.0,0.0,0.0,0.0,0.0,0.0,3.0,5.0,4.27935e-314,23.5,0.131857188205383,1.0738652342472674,0.2709895492827482,2.0,0.506871,598.0,0.079956399481668
65,65.0,65.0,65.0,65.0,116.0,88739.0,39.0,0.0587643775838942,0.02,0.001,0.0130339,0.02,0.001,0.0130339,0.008,0.0004,0.002938,0.002938,0.107315,0.0,0.994288,0.015185,0.006955,0.220994,22.6642,50.5146,26.5,0.17572,0.1,0.0703,0.04,-57.5609,11.56977107399772,11.56977107399772,0.0,0.0,0.0,0.0,0.0,0.0,0.0,0.0,0.0,0.0,0.0,0.0,0.0,0.0,0.0,0.0,0.0,0.0,3.0,5.0,6.41383e-314,27.5,0.2910103802419589,2.1657042391067858,0.5813622478856836,1.0,0.328337,888.0,0.9496670296811116
66,66.0,66.0,66.0,66.0,211.0,61711.0,11.0,0.0560787459892852,0.02,0.001,0.0114546,0.02,0.001,0.0114546,0.008,0.0004,0.002966,0.002966,0.074846,0.0,0.45652,0.039964,0.000834,0.256725,46.8629,32.5446,26.5,0.26778,0.1,0.1071199999999999,0.04,-57.2308,11.214413257153492,11.214413257153492,0.0,0.0,0.0,0.0,0.0,0.0,0.0,0.0,0.0,0.0,0.0,0.0,0.0,0.0,0.0,0.0,0.0,0.0,3.0,5.0,4.26057e-314,26.5,0.246789039136645,1.428812675165071,0.8387447792708133,2.0,0.550327,618.0,0.0844701495898532
67,67.0,67.0,67.0,67.0,10.0,54488.0,88.0,0.0568661723736121,0.02,0.001,0.0045305,0.02,0.001,0.0045305,0.008,0.0004,0.005734,0.005734,0.102882,0.0,0.743812,0.031797,0.007895,0.229657,53.4148,53.5411,26.5,0.02288,0.1,0.00916,0.04,-56.444,6.875744496065587,6.875744496065587,0.0,0.0,0.0,0.0,0.0,0.0,0.0,0.0,0.0,0.0,0.0,0.0,0.0,0.0,0.0,0.0,0.0,0.0,3.0,5.0,6.40835e-314,27.0,0.1835760483631612,2.6337356897109894,0.5147396170779089,3.0,0.441096,545.0,0.0852800935050192
68,68.0,68.0,68.0,68.0,173.0,97522.0,22.0,0.0440804106265892,0.02,0.001,0.010302,0.02,0.001,0.010302,0.008,0.0004,0.002618,0.002618,0.139778,0.0,0.632139,0.022363,0.006718,0.175432,37.5578,60.8301,26.5,0.16852,0.1,0.0674,0.04,-58.9984,11.263508566469003,11.263508566469003,0.0,0.0,0.0,0.0,0.0,0.0,0.0,0.0,0.0,0.0,0.0,0.0,0.0,0.0,0.0,0.0,0.0,0.0,3.0,5.0,6.43661e-314,29.0,0.2391638606107662,2.043736652343504,0.4819594231784854,2.0,0.686975,976.0,0.6997135356217953
69,69.0,69.0,69.0,69.0,91.0,16844.0,44.0,0.0494863043006629,0.02,0.001,0.0130322,0.02,0.001,0.0130322,0.008,0.0004,0.00312,0.00312,0.112522,0.0,0.758477,0.04555,0.006091,0.252261,35.8762,36.8033,26.5,0.0259399999999999,0.1,0.01038,0.04,-57.5378,11.4176102315246,11.4176102315246,0.0,0.0,0.0,0.0,0.0,0.0,0.0,0.0,0.0,0.0,0.0,0.0,0.0,0.0,0.0,0.0,0.0,0.0,3.0,5.0,0.0,30.0,0.0931822640300319,2.068629948068135,-0.192403351206355,1.0,0.054941,169.0,0.4516136338305397
70,70.0,70.0,70.0,70.0,22.0,80283.0,83.0,0.062058576502039,0.02,0.001,0.0015861,0.02,0.001,0.0015861,0.008,0.0004,0.004022,0.004022,0.144083,0.0,0.662309,0.036186,0.005064,0.17455,37.8154,40.3374,26.5,0.02062,0.1,0.00826,0.04,-58.2338,5.608569404020641,5.608569404020641,0.0,0.0,0.0,0.0,0.0,0.0,0.0,0.0,0.0,0.0,0.0,0.0,0.0,0.0,0.0,0.0,0.0,0.0,3.0,5.0,6.44384e-314,28.0,0.0727760269338087,2.9466447277979606,-0.2694938245544296,1.0,0.227216,803.0,0.1386204652642644
71,71.0,71.0,71.0,71.0,144.0,25529.0,29.0,0.0440439566108548,0.02,0.001,0.0007378,0.02,0.001,0.0007378,0.008,0.0004,0.002197,0.002197,0.092146,0.0,1.08173,0.030957,0.007221,0.228958,46.8924,83.0159,26.5,0.073,0.1,0.0291999999999999,0.04,-57.5428,5.395073473718967,5.395073473718967,0.0,0.0,0.0,0.0,0.0,0.0,0.0,0.0,0.0,0.0,0.0,0.0,0.0,0.0,0.0,0.0,0.0,0.0,3.0,5.0,6.47656e-314,28.0,0.0880402512654074,1.5691484671960785,0.1277730747399664,1.0,0.055982,256.0,0.6727515154309173
72,72.0,72.0,72.0,72.0,18.0,57269.0,69.0,0.0592298375445426,0.02,0.001,0.0039729,0.02,0.001,0.0039729,0.008,0.0004,0.002127,0.002127,0.1466,0.0,0.089404,0.033757,0.011329,0.170406,46.7291,50.9155,26.5,0.02318,0.1,0.00928,0.04,-58.9845,9.155956415289978,9.155956415289978,0.0,0.0,0.0,0.0,0.0,0.0,0.0,0.0,0.0,0.0,0.0,0.0,0.0,0.0,0.0,0.0,0.0,0.0,3.0,5.0,6.46968e-314,27.5,0.1911886694836547,2.1659092471406773,0.0638886948731283,3.0,0.5927370000000001,573.0,0.0666525492036146
73,73.0,73.0,73.0,73.0,79.0,20578.0,78.0,0.0436084689565654,0.02,0.001,0.0049249,0.02,0.001,0.0049249,0.008,0.0004,0.00523,0.00523,0.130156,0.0,0.513414,0.032261,0.008408,0.211527,40.9378,29.8863,26.5,0.15976,0.1,0.0639,0.04,-54.6045,7.287064413212948,7.287064413212948,0.0,0.0,0.0,0.0,0.0,0.0,0.0,0.0,0.0,0.0,0.0,0.0,0.0,0.0,0.0,0.0,0.0,0.0,3.0,5.0,6.48101e-314,32.5,0.1368009224976859,2.4530725439727017,-0.0876444544208026,1.0,0.087791,206.0,0.5136713742257065
74,74.0,74.0,74.0,74.0,140.0,50749.0,49.0,0.0590319497820342,0.02,0.001,0.0046716,0.02,0.001,0.0046716,0.008,0.0004,0.001002,0.001002,0.146239,0.0,0.396148,0.027222,0.006024,0.213916,50.1423,36.0498,26.5,0.22372,0.1,0.0894799999999999,0.04,-59.2791,11.692561286083896,11.692561286083896,0.0,0.0,0.0,0.0,0.0,0.0,0.0,0.0,0.0,0.0,0.0,0.0,0.0,0.0,0.0,0.0,0.0,0.0,3.0,5.0,6.48367e-314,30.5,0.075125769748273,2.430653929119346,-0.2180697552360681,2.0,0.482802,508.0,0.0793453743626088
75,75.0,75.0,75.0,75.0,249.0,8791.0,91.0,0.0480265608906191,0.02,0.001,0.0079288,0.02,0.001,0.0079288,0.008,0.0004,0.001953,0.001953,0.116278,0.0,0.818118,0.034941,0.005877,0.214867,46.6266,56.8974,26.5,0.1958,0.1,0.07832,0.04,-58.1447,11.344522993232788,11.344522993232788,0.0,0.0,0.0,0.0,0.0,0.0,0.0,0.0,0.0,0.0,0.0,0.0,0.0,0.0,0.0,0.0,0.0,0.0,3.0,5.0,4.26367e-314,31.0,0.0952678970825941,2.2702566009648293,-0.3599925656607902,1.0,0.082555,88.0,0.5355910607726166
76,76.0,76.0,76.0,76.0,31.0,28330.0,30.0,0.0562548794258567,0.02,0.001,0.0020094,0.02,0.001,0.0020094,0.008,0.0004,0.007741,0.007741,0.132607,0.0,0.48462,0.031715,0.003074,0.170631,39.488,68.2982,26.5,0.15284,0.1,0.06114,0.04,-59.253,5.1065282377960415,5.1065282377960415,0.0,0.0,0.0,0.0,0.0,0.0,0.0,0.0,0.0,0.0,0.0,0.0,0.0,0.0,0.0,0.0,0.0,0.0,3.0,5.0,6.40968e-314,33.0,0.0616010553511904,1.7216693344710612,0.0311283107398128,3.0,0.371271,284.0,0.3241318187960151
77,77.0,77.0,77.0,77.0,207.0,128975.0,75.0,0.0527374470391765,0.02,0.001,0.0083691,0.02,0.001,0.0083691,0.008,0.0004,0.000387,0.000387,0.188191,0.0,0.336454,0.027608,0.012766,0.275473,26.7407,65.8028,26.5,0.27988,0.1,0.1119599999999999,0.04,-58.8547,14.164103936020561,14.164103936020561,0.0,0.0,0.0,0.0,0.0,0.0,0.0,0.0,0.0,0.0,0.0,0.0,0.0,0.0,0.0,0.0,0.0,0.0,3.0,5.0,6.47386e-314,33.5,0.1807972487384197,2.1794781308473308,0.1675019447442703,2.0,0.750017,1290.0,0.0340569063502249
78,78.0,78.0,78.0,78.0,99.0,93708.0,8.0,0.0403695831328341,0.02,0.001,0.004182,0.02,0.001,0.004182,0.008,0.0004,0.006799,0.006799,0.140549,0.0,0.584407,0.024945,0.006876,0.206136,49.0341,44.5112,26.5,0.18304,0.1,0.07322,0.04,-57.4807,6.351882240413417,6.351882240413417,0.0,0.0,0.0,0.0,0.0,0.0,0.0,0.0,0.0,0.0,0.0,0.0,0.0,0.0,0.0,0.0,0.0,0.0,3.0,5.0,0.0,32.0,0.3154373125617935,2.395574695419638,0.8845138966676257,1.0,0.482783,938.0,0.7220315833329639
79,79.0,79.0,79.0,79.0,75.0,93708.0,8.0,0.0631562577382992,0.02,0.001,0.0030753,0.02,0.001,0.0030753,0.008,0.0004,0.001073,0.001073,0.140549,0.0,0.584407,0.024945,0.006876,0.206136,49.0341,44.5112,26.5,0.18304,0.1,0.07322,0.04,-57.4807,10.397036473413634,10.397036473413634,0.0,0.0,0.0,0.0,0.0,0.0,0.0,0.0,0.0,0.0,0.0,0.0,0.0,0.0,0.0,0.0,0.0,0.0,3.0,5.0,0.0,32.0,0.3154373125617935,2.395574695419638,0.8845138966676257,1.0,0.482783,938.0,0.7220315833329639
80,80.0,80.0,80.0,80.0,20.0,18751.0,51.0,0.0449516439429333,0.02,0.001,0.0039627,0.02,0.001,0.0039627,0.008,0.0004,0.008863,0.008863,0.065718,0.0,0.840123,0.019278,0.006189,0.244279,33.9161,13.0703,26.5,0.16818,0.1,0.0672799999999999,0.04,-56.5286,5.795001881620977,5.795001881620977,0.0,0.0,0.0,0.0,0.0,0.0,0.0,0.0,0.0,0.0,0.0,0.0,0.0,0.0,0.0,0.0,0.0,0.0,3.0,5.0,4.28012e-314,31.0,0.0733808472696326,1.988699581376193,-0.3642063157096676,3.0,0.2505469999999999,188.0,0.9163608538038144
81,81.0,81.0,81.0,81.0,166.0,51980.0,80.0,0.0448513093399628,0.02,0.001,0.0059109,0.02,0.001,0.0059109,0.008,0.0004,0.001078,0.001078,0.196372,0.0,0.575872,0.013695,0.010534,0.160107,38.4698,37.9965,26.5,0.19026,0.1,0.0761,0.04,-56.9007,12.075389541921066,12.075389541921066,0.0,0.0,0.0,0.0,0.0,0.0,0.0,0.0,0.0,0.0,0.0,0.0,0.0,0.0,0.0,0.0,0.0,0.0,3.0,5.0,6.41562e-314,34.0,0.2193173796987001,2.2896127502346566,0.4425806991778069,1.0,0.244489,520.0,0.7028364787261204
82,82.0,82.0,82.0,82.0,170.0,129322.0,22.0,0.0593659443702817,0.02,0.001,0.0013787,0.02,0.001,0.0013787,0.008,0.0004,0.00094,0.00094,0.164806,0.0,0.81262,0.031257,0.00352,0.146283,48.0722,14.7477,26.5,0.20306,0.1,0.08122,0.04,-57.6224,8.461311005042424,8.461311005042424,0.0,0.0,0.0,0.0,0.0,0.0,0.0,0.0,0.0,0.0,0.0,0.0,0.0,0.0,0.0,0.0,0.0,0.0,3.0,5.0,6.4397e-314,33.0,0.2392572345372156,1.7880061439552613,0.5703740513712177,1.0,0.477559,1294.0,0.479386190081753
83,83.0,83.0,83.0,83.0,21.0,25443.0,43.0,0.0535328940904223,0.02,0.001,0.0022355,0.02,0.001,0.0022355,0.008,0.0004,0.004405,0.004405,0.225372,0.0,0.442529,0.02834,0.00633,0.091962,48.5021,66.1755,26.5,0.00802,0.1,0.0032,0.04,-55.4764,6.0015556164075265,6.0015556164075265,0.0,0.0,0.0,0.0,0.0,0.0,0.0,0.0,0.0,0.0,0.0,0.0,0.0,0.0,0.0,0.0,0.0,0.0,3.0,5.0,0.0,38.5,0.083824713697274,1.83541645798687,0.2693474609161878,1.0,0.094269,255.0,0.1099918947720538
84,84.0,84.0,84.0,84.0,231.0,27175.0,75.0,0.0549824027429922,0.02,0.001,0.0098685,0.02,0.001,0.0098685,0.008,0.0004,0.004999,0.004999,0.116243,0.0,1.01201,0.018111,0.00715,0.264215,23.09,66.7523,26.5,0.09848,0.1,0.0394,0.04,-59.1184,9.317239990072915,9.317239990072915,0.0,0.0,0.0,0.0,0.0,0.0,0.0,0.0,0.0,0.0,0.0,0.0,0.0,0.0,0.0,0.0,0.0,0.0,3.0,5.0,6.43737e-314,37.0,0.0524330725941259,2.516877899643915,-0.3207876265405331,3.0,0.103284,272.0,2.047194506461751
85,85.0,85.0,85.0,85.0,107.0,58277.0,77.0,0.0424983972414461,0.02,0.001,0.0109021,0.02,0.001,0.0109021,0.008,0.0004,0.001675,0.001675,0.153907,0.0,0.41488,0.030827,0.005368,0.214774,46.3523,60.8806,26.5,0.0155,0.1,0.0062,0.04,-58.0415,12.44835762145538,12.44835762145538,0.0,0.0,0.0,0.0,0.0,0.0,0.0,0.0,0.0,0.0,0.0,0.0,0.0,0.0,0.0,0.0,0.0,0.0,3.0,5.0,4.24963e-314,36.5,0.1424745550572918,3.0555488648451834,0.1932374549772839,1.0,0.153801,583.0,0.2520979445632178
86,86.0,86.0,86.0,86.0,119.0,88466.0,66.0,0.0377910766720298,0.02,0.001,0.0083827,0.02,0.001,0.0083827,0.008,0.0004,0.001664,0.001664,0.164476,0.0,0.492293,0.063415,0.003637,0.233065,33.9976,32.4784,26.5,0.03324,0.1,0.0133,0.04,-55.2139,11.878882073917287,11.878882073917287,0.0,0.0,0.0,0.0,0.0,0.0,0.0,0.0,0.0,0.0,0.0,0.0,0.0,0.0,0.0,0.0,0.0,0.0,3.0,5.0,6.40561e-314,36.0,0.1802158988136002,3.503872718068504,0.4963085037336134,1.0,0.389319,885.0,0.9300363819758576
87,87.0,87.0,87.0,87.0,130.0,117968.0,68.0,0.0375359025011974,0.02,0.001,0.0016354,0.02,0.001,0.0016354,0.008,0.0004,0.002667,0.002667,0.140418,0.0,0.647155,0.018751,0.00592,0.249149,30.5943,36.6235,26.5,0.1387,0.1,0.05548,0.04,-54.9274,6.3459134454244,6.3459134454244,0.0,0.0,0.0,0.0,0.0,0.0,0.0,0.0,0.0,0.0,0.0,0.0,0.0,0.0,0.0,0.0,0.0,0.0,3.0,5.0,0.0,43.0,0.2086257579964538,3.3817687577219364,0.6280674496845148,2.0,0.745107,1180.0,0.0308219769328872
88,88.0,88.0,88.0,88.0,101.0,93340.0,40.0,0.0593566425187521,0.02,0.001,0.0054604,0.02,0.001,0.0054604,0.008,0.0004,0.00269,0.00269,0.132056,0.0,1.10826,0.050502,0.006803,0.249866,43.1129,56.1937,26.5,0.15838,0.1,0.06334,0.04,-54.3405,9.398606291754461,9.398606291754461,0.0,0.0,0.0,0.0,0.0,0.0,0.0,0.0,0.0,0.0,0.0,0.0,0.0,0.0,0.0,0.0,0.0,0.0,3.0,5.0,6.47465e-314,42.0,0.1244186243464976,2.289007232621262,0.0939736054834549,1.0,0.259688,934.0,0.7623487992561278
89,89.0,89.0,89.0,89.0,175.0,118040.0,40.0,0.0653113974430483,0.02,0.001,0.0103003,0.02,0.001,0.0103003,0.008,0.0004,0.00376,0.00376,0.12408,0.0,0.385039,0.01836,0.002122,0.261265,54.5383,61.9532,26.5,0.01906,0.1,0.00762,0.04,-58.0207,10.268349605802058,10.268349605802058,0.0,0.0,0.0,0.0,0.0,0.0,0.0,0.0,0.0,0.0,0.0,0.0,0.0,0.0,0.0,0.0,0.0,0.0,3.0,5.0,6.44043e-314,41.5,0.1824617230482969,3.010667342300574,0.3768542096945579,1.0,0.456195,1181.0,0.8904517805949197
90,90.0,90.0,90.0,90.0,29.0,30834.0,34.0,0.0546547431866348,0.02,0.001,0.0057392,0.02,0.001,0.0057392,0.008,0.0004,0.006433,0.006433,0.161999,0.0,0.533261,0.017662,0.006696,0.267969,48.4125,47.0551,26.5,0.0081,0.1,0.00324,0.04,-57.7648,7.156746733973475,7.156746733973475,0.0,0.0,0.0,0.0,0.0,0.0,0.0,0.0,0.0,0.0,0.0,0.0,0.0,0.0,0.0,0.0,0.0,0.0,3.0,5.0,6.47436e-314,43.5,0.0595513429711684,3.1161714535005176,-0.2500089866592993,3.0,0.326999,309.0,1.8548814497667747
91,91.0,91.0,91.0,91.0,51.0,84443.0,43.0,0.0441669902782111,0.02,0.001,0.0098379,0.02,0.001,0.0098379,0.008,0.0004,0.003793,0.003793,0.146287,0.0,0.948789,0.036398,0.005208,0.241011,34.7926,57.9092,26.5,0.01992,0.1,0.00796,0.04,-57.7058,10.11147072966414,10.11147072966414,0.0,0.0,0.0,0.0,0.0,0.0,0.0,0.0,0.0,0.0,0.0,0.0,0.0,0.0,0.0,0.0,0.0,0.0,3.0,5.0,0.0,41.0,0.1565516012927089,3.249761223070533,-0.1124867599532217,1.0,0.322937,845.0,0.2393839104525806
92,92.0,92.0,92.0,92.0,7.0,30834.0,34.0,0.0506265004873927,0.02,0.001,0.0016099,0.02,0.001,0.0016099,0.008,0.0004,0.00083,0.00083,0.161999,0.0,0.533261,0.017662,0.006696,0.267969,48.4125,47.0551,26.5,0.0081,0.1,0.00324,0.04,-57.7648,9.265866759799327,9.265866759799327,0.0,0.0,0.0,0.0,0.0,0.0,0.0,0.0,0.0,0.0,0.0,0.0,0.0,0.0,0.0,0.0,0.0,0.0,3.0,5.0,6.47436e-314,43.5,0.0595513429711684,3.1161714535005176,-0.2500089866592993,3.0,0.326999,309.0,3.974983415489596
93,93.0,93.0,93.0,93.0,74.0,28050.0,50.0,0.0466960491743397,0.02,0.001,0.0145571,0.02,0.001,0.0145571,0.008,0.0004,0.001556,0.001556,0.131007,0.0,0.505387,0.003971,0.003638,0.236606,35.9801,84.8582,26.5,0.02794,0.1,0.01118,0.04,-57.2207,13.12609273696303,13.12609273696303,0.0,0.0,0.0,0.0,0.0,0.0,0.0,0.0,0.0,0.0,0.0,0.0,0.0,0.0,0.0,0.0,0.0,0.0,3.0,5.0,4.28503e-314,47.0,0.064768454020247,3.3994582458594382,0.1019253771532071,4.0,0.386341,281.0,1.511057950124905
94,94.0,94.0,94.0,94.0,63.0,17983.0,83.0,0.0467508793093465,0.02,0.001,0.0050269,0.02,0.001,0.0050269,0.008,0.0004,0.003257,0.003257,0.12336,0.0,0.860698,0.043287,0.001174,0.28791,48.3043,63.4246,26.5,0.20132,0.1,0.08054,0.04,-58.055,8.605766063968794,8.605766063968794,0.0,0.0,0.0,0.0,0.0,0.0,0.0,0.0,0.0,0.0,0.0,0.0,0.0,0.0,0.0,0.0,0.0,0.0,3.0,5.0,6.44374e-314,48.0,0.0492446627102561,3.119335346688698,-0.2389359659453004,3.0,0.254415,180.0,0.8453021398548196
95,95.0,95.0,95.0,95.0,243.0,62649.0,49.0,0.0502023476545886,0.02,0.001,0.0094163,0.02,0.001,0.0094163,0.008,0.0004,0.00464,0.00464,0.18772,0.0,0.790499,0.027088,0.009039,0.237393,60.3368,63.8473,26.5,0.03422,0.1,0.01368,0.04,-55.3432,9.397867517780746,9.397867517780746,0.0,0.0,0.0,0.0,0.0,0.0,0.0,0.0,0.0,0.0,0.0,0.0,0.0,0.0,0.0,0.0,0.0,0.0,3.0,5.0,6.41506e-314,51.0,0.0962337273531502,3.3291393346230715,-0.0690350466010926,3.0,0.55748,627.0,0.7522040556258769
96,96.0,96.0,96.0,96.0,238.0,26520.0,20.0,0.0380272723109844,0.02,0.001,0.0109446,0.02,0.001,0.0109446,0.008,0.0004,0.004363,0.004363,0.138024,0.0,0.636181,0.024759,0.003806,0.300513,47.771,32.9172,26.5,0.19738,0.1,0.07896,0.04,-58.2612,10.01508303180437,10.01508303180437,0.0,0.0,0.0,0.0,0.0,0.0,0.0,0.0,0.0,0.0,0.0,0.0,0.0,0.0,0.0,0.0,0.0,0.0,3.0,5.0,6.47098e-314,53.5,0.0689942432579516,3.18614377365514,-0.113292180104619,1.0,0.053291,266.0,10.302219548349134
97,97.0,97.0,97.0,97.0,80.0,27748.0,48.0,0.037601434543104,0.02,0.001,0.0022236,0.02,0.001,0.0022236,0.008,0.0004,0.002118,0.002118,0.138138,0.0,0.75301,0.028231,0.000247,0.326825,39.5661,42.7387,26.5,0.13428,0.1,0.05372,0.04,-56.85,7.558895700595461,7.558895700595461,0.0,0.0,0.0,0.0,0.0,0.0,0.0,0.0,0.0,0.0,0.0,0.0,0.0,0.0,0.0,0.0,0.0,0.0,3.0,5.0,-1.7897600000000002e+53,59.5,0.1538792547065364,3.8514700819605134,0.6364131201471231,2.0,0.230728,278.0,16.05305261538638
98,98.0,98.0,98.0,98.0,168.0,22510.0,10.0,0.0413498405409602,0.02,0.001,0.0031535,0.02,0.001,0.0031535,0.008,0.0004,0.001575,0.001575,0.117755,0.0,0.784945,0.047659,0.004951,0.221608,42.3168,77.2786,26.5,0.24132,0.1,0.0965399999999999,0.04,-59.6367,9.358536651484588,9.358536651484588,0.0,0.0,0.0,0.0,0.0,0.0,0.0,0.0,0.0,0.0,0.0,0.0,0.0,0.0,0.0,0.0,0.0,0.0,3.0,5.0,1e-323,18.0,0.186832725330805,1.08509837977487,0.3470558812825028,3.0,0.276453,226.0,0.0102339257310967
99,99.0,99.0,99.0,99.0,178.0,94194.0,94.0,0.045135957154383,0.02,0.001,0.0062543,0.02,0.001,0.0062543,0.008,0.0004,0.004925,0.004925,0.071439,0.0,0.37301,0.048852,0.007901,0.222205,53.9703,40.6479,26.5,0.18684,0.1,0.07474,0.04,-55.5352,8.061692722321022,8.061692722321022,0.0,0.0,0.0,0.0,0.0,0.0,0.0,0.0,0.0,0.0,0.0,0.0,0.0,0.0,0.0,0.0,0.0,0.0,3.0,5.0,6.43749e-314,15.0,0.2114224202764801,0.3120005639979782,0.4149010145629286,5.0,1.5838800000000002,942.0,0.0105635858949293
