,Unnamed: 0.8,Unnamed: 0.7,Unnamed: 0.6,Unnamed: 0.5,Unnamed: 0.4,Unnamed: 0.3,Unnamed: 0.2,Unnamed: 0.1,Unnamed: 0,gTON_STN_MEAN_nS_pF,gTON_STN_SIGMA,gTON_STN_THETA,gTON_CL_S_MEAN_nS_pF,gTON_CL_S_SIGMA,gTON_CL_S_THETA,gTON_CL_D_MEAN_nS_pF,gTON_CL_D_SIGMA,gTON_CL_D_THETA,gKCC2_S_nS_pF,gKCC2_D_nS_pF,gTRPC3_nS_pF,gHCN_nS_pF,gCA_nS_pF,gL_nS_pF,gSK_nS_pF,gNAP_nS_pF,gNAF_nS_pF,gKDR_nS_pF,gSD_nS,soma_noise_intensity,soma_noise_intensity_theta,dend_noise_intensity,dend_noise_intensity_theta,Eleak_mV,CL_in_S,CL_in_D,Iapp,Iapp_dend,gpe_stim,gpe_stim_freqs,gpe_poisson,W_gpe,gpe_start_time,gpe_base_length,gpe_stim_length,gpe_post_length,str_stim,str_stim_freqs,str_poisson,W_str,str_start_time,str_base_length,str_stim_length,str_post_length,tausyn,tauexc,tausyn_dend,pre_exp_fr,pre_exp_cv,pre_exp_fr_zscore,pre_exp_cv_zscore,connections,total_weight,sim,rel_error
0,0.0,0.0,0.0,0.0,0.0,0.0,96.0,92307.0,7.0,0.0151368970118543,0.02,0.001,0.00120582,0.02,0.001,0.003654,0.008,0.0004,0.00061644,0.00030822,0.05028276,0.0,1.06154,0.035062,0.008455,0.128097,39.7854,27.1872,26.5,0.57876,0.1,0.2314799999999998,0.04,-57.8084,9.290523348639121,13.488767196644634,0.0,0.0,0.0,0.0,0.0,0.0,0.0,0.0,0.0,0.0,0.0,0.0,0.0,0.0,0.0,0.0,0.0,0.0,3.0,5.0,0.0,4.0,0.1035066399256608,-0.3414357566149363,0.021572847003538,1.0,0.236075,924.0,0.0152651620365879
1,1.0,1.0,1.0,1.0,1.0,1.0,150.0,78859.0,59.0,0.0363123163640392,0.02,0.001,0.001559712,0.02,0.001,0.0047264,0.008,0.0004,0.00424578,0.00212289,0.0623766,0.0,0.533496,0.03053,0.007169,0.115043,12.8204,60.4706,26.5,0.13152,0.1,0.05256,0.04,-55.5179,5.510957769885532,9.668394950376667,0.0,0.0,0.0,0.0,0.0,0.0,0.0,0.0,0.0,0.0,0.0,0.0,0.0,0.0,0.0,0.0,0.0,0.0,3.0,5.0,6.48281e-314,3.0,0.3560571026154536,-0.90280820983851,1.1003922868336986,2.0,0.651833,789.0,0.0776641284698416
2,2.0,2.0,2.0,2.0,2.0,2.0,210.0,118476.0,76.0,0.0190839508428905,0.02,0.001,0.001408176,0.02,0.001,0.0042672,0.008,0.0004,0.0024981,0.00124905,0.03825492,0.0,0.675808,0.043778,0.00805,0.169077,19.2961,52.2104,26.5,0.12744,0.1,0.0509999999999998,0.04,-56.3618,6.187346982181244,10.886120880950942,0.0,0.0,0.0,0.0,0.0,0.0,0.0,0.0,0.0,0.0,0.0,0.0,0.0,0.0,0.0,0.0,0.0,0.0,3.0,5.0,6.40663e-314,4.5,0.3945991857359928,-0.5907453937081006,1.016948331832718,2.0,0.924156,1185.0,0.0424577275202442
3,3.0,3.0,3.0,3.0,3.0,3.0,120.0,103267.0,67.0,0.0431900401220019,0.02,0.001,0.001743588,0.02,0.001,0.0052836,0.008,0.0004,0.00400554,0.00200277,0.0607662,0.0,0.810504,0.043855,0.008438,0.192658,34.6124,54.8244,26.5,0.11652,0.1,0.04668,0.04,-58.3522,5.753744539100031,10.160356783221065,0.0,0.0,0.0,0.0,0.0,0.0,0.0,0.0,0.0,0.0,0.0,0.0,0.0,0.0,0.0,0.0,0.0,0.0,3.0,5.0,4.26895e-314,3.0,0.2462019474422914,-1.2643904176053913,0.5350486046522148,2.0,0.864421,1033.0,0.0570580155796216
4,4.0,4.0,4.0,4.0,4.0,4.0,108.0,40340.0,40.0,0.0225033079439656,0.02,0.001,0.001606374,0.02,0.001,0.0048678,0.008,0.0004,0.00071148,0.00035574,0.0641355,0.0,0.670463,0.05095,0.009722,0.164694,36.7917,51.0825,26.5,1.27476,0.1,0.50988,0.04,-58.5843,9.709222973846808,13.67996723065432,0.0,0.0,0.0,0.0,0.0,0.0,0.0,0.0,0.0,0.0,0.0,0.0,0.0,0.0,0.0,0.0,0.0,0.0,3.0,5.0,6.47676e-314,4.0,0.1255235477773912,-0.9693743240202708,-0.4991599899044349,3.0,0.678953,404.0,0.0031166807798857
5,5.0,5.0,5.0,5.0,5.0,5.0,234.0,133404.0,4.0,0.0328437771019347,0.02,0.001,0.000604296,0.02,0.001,0.0018312,0.008,0.0004,0.00139788,0.00069894,0.04825722,0.0,0.431631,0.05657,0.009046,0.201649,52.7922,43.0445,26.5,0.0710399999999999,0.1,0.0284399999999998,0.04,-57.4641,5.7432228403291665,10.140475876353788,0.0,0.0,0.0,0.0,0.0,0.0,0.0,0.0,0.0,0.0,0.0,0.0,0.0,0.0,0.0,0.0,0.0,0.0,3.0,5.0,0.0,5.0,0.2721036955415562,-0.3899621993739819,0.826815183283352,2.0,0.7956460000000001,1335.0,0.0008177599215028
6,6.0,6.0,6.0,6.0,6.0,6.0,23.0,66110.0,10.0,0.0393147476540349,0.02,0.001,0.002255022,0.02,0.001,0.0068334,0.008,0.0004,0.00054318,0.00027159,0.06620988,0.0,1.19935,0.015899,0.010233,0.210238,29.0481,18.641,26.5,1.6278,0.1,0.65112,0.04,-56.5581,11.401965339359748,14.287835848085578,0.0,0.0,0.0,0.0,0.0,0.0,0.0,0.0,0.0,0.0,0.0,0.0,0.0,0.0,0.0,0.0,0.0,0.0,3.0,5.0,1e-323,3.5,0.0872836680596964,-0.5687580516638726,-0.2804324911293014,3.0,0.71033,662.0,0.0382155270387607
7,7.0,7.0,7.0,7.0,7.0,7.0,185.0,81528.0,28.0,0.0302100090164035,0.02,0.001,0.000835758,0.02,0.001,0.0025326,0.008,0.0004,0.00070818,0.00035409,0.0746592,0.0,0.548279,0.036129,0.009109,0.134614,32.0256,51.2327,26.5,1.22688,0.1,0.4908,0.04,-59.4177,7.86424364819082,12.639124003163891,0.0,0.0,0.0,0.0,0.0,0.0,0.0,0.0,0.0,0.0,0.0,0.0,0.0,0.0,0.0,0.0,0.0,0.0,3.0,5.0,4.82e-321,4.0,0.2502248238373493,-0.5753229731691537,0.6737822922654476,2.0,0.622449,816.0,0.0254303052102637
8,8.0,8.0,8.0,8.0,8.0,8.0,188.0,58164.0,64.0,0.0341172481104214,0.02,0.001,0.003558786,0.02,0.001,0.0107842,0.008,0.0004,0.00157476,0.00078738,0.04929078,0.0,0.636782,0.044076,0.010724,0.15529,50.4488,63.0627,26.5,0.92076,0.1,0.36828,0.04,-60.5303,9.711931378489258,13.681139431658389,0.0,0.0,0.0,0.0,0.0,0.0,0.0,0.0,0.0,0.0,0.0,0.0,0.0,0.0,0.0,0.0,0.0,0.0,3.0,5.0,3.14384e-319,3.0,0.1471589176676803,-0.7329459941620562,0.0061029771133743,2.0,0.090351,582.0,0.0240742555080489
9,9.0,9.0,9.0,9.0,9.0,9.0,15.0,103745.0,45.0,0.0269315990930877,0.02,0.001,0.0028431479999999,0.02,0.001,0.0086156,0.008,0.0004,0.00056628,0.00028314,0.0681516,0.0,0.677797,0.039555,0.008847,0.149091,38.5793,40.4266,26.5,1.30416,0.1,0.52164,0.04,-57.1206,11.870912893392807,14.421828656182349,0.0,0.0,0.0,0.0,0.0,0.0,0.0,0.0,0.0,0.0,0.0,0.0,0.0,0.0,0.0,0.0,0.0,0.0,3.0,5.0,0.0,8.5,0.2896728434639072,0.0929826880266719,1.1388045429097051,1.0,0.40011,1038.0,0.007382733772461
10,10.0,10.0,10.0,10.0,10.0,10.0,151.0,75615.0,15.0,0.0185434913750299,0.02,0.001,0.002073456,0.02,0.001,0.0062832,0.008,0.0004,0.00103026,0.00051513,0.08106714,0.0,0.51575,0.049081,0.008338,0.211983,43.2186,56.8005,26.5,0.14052,0.1,0.05628,0.04,-56.6847,9.37356661394739,13.52834162415023,0.0,0.0,0.0,0.0,0.0,0.0,0.0,0.0,0.0,0.0,0.0,0.0,0.0,0.0,0.0,0.0,0.0,0.0,3.0,5.0,0.0,9.0,0.3725361130790491,-0.1477942860075781,0.9943932815425996,3.0,0.872954,757.0,0.0084398847678001
11,11.0,11.0,11.0,11.0,11.0,11.0,82.0,102829.0,29.0,0.0185831159197412,0.02,0.001,0.000907368,0.02,0.001,0.0027496,0.008,0.0004,0.00139128,0.00069564,0.05526048,0.0,0.74875,0.038174,0.008076,0.20181,44.032,46.6504,26.5,0.11604,0.1,0.0464399999999998,0.04,-57.1775,6.46753778135907,11.275117260906864,0.0,0.0,0.0,0.0,0.0,0.0,0.0,0.0,0.0,0.0,0.0,0.0,0.0,0.0,0.0,0.0,0.0,0.0,3.0,5.0,6.4009e-314,8.5,0.3493440392379997,0.0012781716040662,1.123857853601901,3.0,1.211377,1029.0,0.0070973463348527
12,12.0,12.0,12.0,12.0,12.0,12.0,193.0,19149.0,49.0,0.0238310306549737,0.02,0.001,0.001195656,0.02,0.001,0.0036232,0.008,0.0004,0.0032142,0.0016071,0.08453082,0.0,0.846194,0.031748,0.01435,0.236351,32.1249,56.4262,26.5,1.6475999999999995,0.1,0.65904,0.04,-57.784,5.527823374190855,9.70496367099944,0.0,0.0,0.0,0.0,0.0,0.0,0.0,0.0,0.0,0.0,0.0,0.0,0.0,0.0,0.0,0.0,0.0,0.0,3.0,5.0,6.41663e-314,9.0,0.3542399154597326,-0.0632888037083952,0.933455787648628,3.0,0.359607,192.0,0.0143051857809303
13,13.0,13.0,13.0,13.0,13.0,13.0,167.0,42252.0,52.0,0.0181790744433642,0.02,0.001,0.001659504,0.02,0.001,0.0050288,0.008,0.0004,0.00381678,0.00190839,0.07450806,0.0,0.732641,0.044424,0.00803,0.146116,44.1692,53.0108,26.5,0.1191599999999999,0.1,0.0476399999999999,0.04,-57.7285,5.751983172719178,10.157037106652048,0.0,0.0,0.0,0.0,0.0,0.0,0.0,0.0,0.0,0.0,0.0,0.0,0.0,0.0,0.0,0.0,0.0,0.0,3.0,5.0,6.41321e-314,8.5,0.494507504299548,-0.1418973249540882,1.3162429017963329,2.0,0.240822,423.0,0.0083864631114698
14,14.0,14.0,14.0,14.0,14.0,14.0,227.0,60156.0,56.0,0.0301942781164996,0.02,0.001,0.001982442,0.02,0.001,0.0060074,0.008,0.0004,0.00137412,0.00068706,0.09963426,0.0,0.570899,0.041789,0.009499,0.079895,50.0191,38.9132,26.5,0.9294,0.1,0.37176,0.04,-59.3904,8.414862796818596,13.01118935347361,0.0,0.0,0.0,0.0,0.0,0.0,0.0,0.0,0.0,0.0,0.0,0.0,0.0,0.0,0.0,0.0,0.0,0.0,3.0,5.0,6.41221e-314,7.5,0.5112738888052302,-0.1979918135255788,1.986303113612099,0.0,0.0,602.0,0.0112690673663411
15,15.0,15.0,15.0,15.0,15.0,15.0,97.0,102394.0,94.0,0.0302833734323676,0.02,0.001,0.0022702679999999,0.02,0.001,0.0068796,0.008,0.0004,0.00797478,0.00398739,0.0740157,0.0,0.707563,0.03049,0.010409,0.17571,36.0426,54.3682,26.5,1.12968,0.1,0.45192,0.04,-60.7226,5.202830663843488,8.925643868117925,0.0,0.0,0.0,0.0,0.0,0.0,0.0,0.0,0.0,0.0,0.0,0.0,0.0,0.0,0.0,0.0,0.0,0.0,3.0,5.0,6.47327e-314,8.0,0.2531674228492009,-0.218622931393375,0.5495789551185586,1.0,0.375307,1024.0,0.0039239489357266
16,16.0,16.0,16.0,16.0,16.0,16.0,241.0,88926.0,26.0,0.0237178248531861,0.02,0.001,0.000468006,0.02,0.001,0.0014182,0.008,0.0004,0.00024354,0.00012177,0.04213374,0.0,0.470485,0.027191,0.009969,0.186572,47.0454,20.4499,26.5,1.14384,0.1,0.4575599999999999,0.04,-58.4085,9.238742506048242,13.463649124425629,0.0,0.0,0.0,0.0,0.0,0.0,0.0,0.0,0.0,0.0,0.0,0.0,0.0,0.0,0.0,0.0,0.0,0.0,3.0,5.0,4.11e-321,5.5,0.4658087204834373,-0.4470508676769117,1.5797431871171563,2.0,0.538683,890.0,0.0012526008217884
17,17.0,17.0,17.0,17.0,17.0,17.0,242.0,101264.0,64.0,0.0492311093951119,0.02,0.001,0.000444444,0.02,0.001,0.0013468,0.008,0.0004,0.00176022,0.00088011,0.06513078,0.0,0.710446,0.042193,0.009053,0.158258,31.4235,53.4951,26.5,0.1284,0.1,0.05136,0.04,-58.816,5.079115711644983,8.581424466563654,0.0,0.0,0.0,0.0,0.0,0.0,0.0,0.0,0.0,0.0,0.0,0.0,0.0,0.0,0.0,0.0,0.0,0.0,3.0,5.0,3.14384e-319,6.5,0.1179341149823996,-0.7103791575335612,-0.3601692531625181,1.0,0.354322,1013.0,0.0036510233765261
18,18.0,18.0,18.0,18.0,18.0,18.0,44.0,120838.0,38.0,0.0326666117632554,0.02,0.001,0.00254793,0.02,0.001,0.007721,0.008,0.0004,0.00100452,0.00050226,0.0822261,0.0,1.14184,0.023016,0.009319,0.186819,29.6224,43.9336,26.5,0.14376,0.1,0.05748,0.04,-57.5248,10.047115490242941,13.820418213086104,0.0,0.0,0.0,0.0,0.0,0.0,0.0,0.0,0.0,0.0,0.0,0.0,0.0,0.0,0.0,0.0,0.0,0.0,3.0,5.0,4.27978e-314,13.0,0.2656944401746637,0.4747132992542164,0.6714451026462563,2.0,0.858376,1209.0,0.0233075898357955
19,19.0,19.0,19.0,19.0,19.0,19.0,59.0,110357.0,57.0,0.0334230471727972,0.02,0.001,0.000604296,0.02,0.001,0.0018312,0.008,0.0004,0.00139788,0.00069894,0.06115296,0.0,0.697925,0.024272,0.009788,0.18375,32.4448,32.8596,26.5,1.1760000000000002,0.1,0.4704,0.04,-57.757,5.7432228403291665,10.140475876353788,0.0,0.0,0.0,0.0,0.0,0.0,0.0,0.0,0.0,0.0,0.0,0.0,0.0,0.0,0.0,0.0,0.0,0.0,3.0,5.0,4.26391e-314,13.5,0.2518934281777235,0.7180236346487233,0.2727755679555085,1.0,0.449987,1104.0,0.0185065540179815
20,20.0,20.0,20.0,20.0,20.0,20.0,216.0,12499.0,99.0,0.0256092516587019,0.02,0.001,0.002300298,0.02,0.001,0.0069706,0.008,0.0004,0.00066462,0.00033231,0.05946468,0.0,0.738179,0.040877,0.00875,0.174312,43.957,30.5623,26.5,0.08508,0.1,0.03408,0.04,-56.1126,10.92150670100248,14.137196654632357,0.0,0.0,0.0,0.0,0.0,0.0,0.0,0.0,0.0,0.0,0.0,0.0,0.0,0.0,0.0,0.0,0.0,0.0,3.0,5.0,2.12725e-314,11.5,0.1682809982308427,0.3461069019321245,0.0153514841665969,1.0,0.115171,125.0,0.0807423050556524
21,21.0,21.0,21.0,21.0,21.0,21.0,141.0,24121.0,21.0,0.0239467175014692,0.02,0.001,0.001364748,0.02,0.001,0.0041356,0.008,0.0004,0.0060192,0.0030096,0.07371672,0.0,0.785676,0.037941,0.011605,0.242746,37.1989,36.0446,26.5,0.85656,0.1,0.3426,0.04,-56.0436,4.9786035179979375,8.278766607983497,0.0,0.0,0.0,0.0,0.0,0.0,0.0,0.0,0.0,0.0,0.0,0.0,0.0,0.0,0.0,0.0,0.0,0.0,3.0,5.0,4.25267e-314,13.5,0.1086859170487177,0.337601707425912,-0.1698934610330177,1.0,0.059864,242.0,0.2015567140014074
22,22.0,22.0,22.0,22.0,22.0,22.0,237.0,44481.0,81.0,0.0329764523693047,0.02,0.001,0.001900668,0.02,0.001,0.0057596,0.008,0.0004,0.0007491,0.00037455,0.08315472,0.0,0.801517,0.037433,0.011333,0.164652,37.3136,48.2578,26.5,0.12012,0.1,0.048,0.04,-57.384,10.048030206594966,13.820783268804394,0.0,0.0,0.0,0.0,0.0,0.0,0.0,0.0,0.0,0.0,0.0,0.0,0.0,0.0,0.0,0.0,0.0,0.0,3.0,5.0,4.28315e-314,15.0,0.1286359399524383,0.5543494569256167,-0.0830401857068401,1.0,0.240077,445.0,0.2031112524401148
23,23.0,23.0,23.0,23.0,23.0,23.0,53.0,48753.0,53.0,0.034533811915944,0.02,0.001,0.000431508,0.02,0.001,0.0013076,0.008,0.0004,0.00183546,0.00091773,0.07343424,0.0,0.852243,0.040624,0.009713,0.200049,35.7295,56.1758,26.5,1.51332,0.1,0.60528,0.04,-56.438,5.01137803341402,8.379865807507958,0.0,0.0,0.0,0.0,0.0,0.0,0.0,0.0,0.0,0.0,0.0,0.0,0.0,0.0,0.0,0.0,0.0,0.0,3.0,5.0,4.27795e-314,13.5,0.2462504730532058,0.9941600150440252,0.7465597095503389,1.0,0.233031,488.0,0.1349094102179775
24,24.0,24.0,24.0,24.0,24.0,24.0,28.0,76101.0,1.0,0.0252172554457924,0.02,0.001,0.003542154,0.02,0.001,0.0107338,0.008,0.0004,0.00193908,0.00096954,0.0919083,0.0,0.959344,0.03745,0.011965,0.176048,35.9093,46.1476,26.5,1.34088,0.1,0.5364,0.04,-58.5398,9.091197978087662,13.390139287857517,0.0,0.0,0.0,0.0,0.0,0.0,0.0,0.0,0.0,0.0,0.0,0.0,0.0,0.0,0.0,0.0,0.0,0.0,3.0,5.0,0.0,15.0,0.1151673104546604,0.7673168766386821,-0.6258785066599097,1.0,0.236578,762.0,0.0530191944756597
25,25.0,25.0,25.0,25.0,25.0,25.0,181.0,4182.0,82.0,0.0290923969185059,0.02,0.001,0.000590898,0.02,0.001,0.0017906,0.008,0.0004,0.00084678,0.00042339,0.05868588,0.0,0.70937,0.037866,0.008004,0.191805,39.1543,56.2533,26.5,1.3656,0.1,0.54624,0.04,-57.9234,6.606353182327957,11.449277232033502,0.0,0.0,0.0,0.0,0.0,0.0,0.0,0.0,0.0,0.0,0.0,0.0,0.0,0.0,0.0,0.0,0.0,0.0,3.0,5.0,6.47758e-314,10.5,0.176292471497847,0.5799926735248576,-0.2080246074023296,1.0,0.102979,42.0,0.0207079786065759
26,26.0,26.0,26.0,26.0,26.0,26.0,164.0,21758.0,58.0,0.0347659100247604,0.02,0.001,0.001632246,0.02,0.001,0.0049462,0.008,0.0004,0.0027687,0.00138435,0.0593472,0.0,0.39715,0.029465,0.011572,0.167639,30.68,25.5915,26.5,1.08,0.1,0.4319999999999999,0.04,-55.3313,6.270694041767408,11.007523259872038,0.0,0.0,0.0,0.0,0.0,0.0,0.0,0.0,0.0,0.0,0.0,0.0,0.0,0.0,0.0,0.0,0.0,0.0,3.0,5.0,6.44129e-314,12.5,0.1473167305482114,0.159284051568527,0.1393797118326423,1.0,0.065065,218.0,0.0847959576522426
27,27.0,27.0,27.0,27.0,27.0,27.0,154.0,78338.0,38.0,0.0159137117668557,0.02,0.001,0.001844304,0.02,0.001,0.0055888,0.008,0.0004,0.00171072,0.00085536,0.08299434,0.0,0.940776,0.048429,0.010012,0.17853,37.8195,45.6847,26.5,1.26228,0.1,0.50496,0.04,-58.1594,7.627023492369302,12.456357504694038,0.0,0.0,0.0,0.0,0.0,0.0,0.0,0.0,0.0,0.0,0.0,0.0,0.0,0.0,0.0,0.0,0.0,0.0,3.0,5.0,4.28057e-314,12.5,0.0584414759591098,0.4138199439413568,-0.9554411060123882,0.0,0.0,784.0,0.1349879172091372
28,28.0,28.0,28.0,28.0,28.0,28.0,147.0,15971.0,71.0,0.04493863580045,0.02,0.001,0.003514434,0.02,0.001,0.0106498,0.008,0.0004,0.00092664,0.00046332,0.08595114,0.0,0.845157,0.039258,0.009076,0.160524,32.49,37.8645,26.5,1.47144,0.1,0.5885999999999999,0.04,-57.7729,11.166706095878006,14.215894014643425,0.0,0.0,0.0,0.0,0.0,0.0,0.0,0.0,0.0,0.0,0.0,0.0,0.0,0.0,0.0,0.0,0.0,0.0,3.0,5.0,4.26683e-314,13.5,0.1779471608211121,0.6892917961675734,-0.0043208840240037,1.0,0.109984,160.0,0.0582987287684869
29,29.0,29.0,29.0,29.0,29.0,29.0,117.0,43588.0,88.0,0.0291501195824853,0.02,0.001,0.000432432,0.02,0.001,0.0013104,0.008,0.0004,0.00506484,0.00253242,0.07082394,0.0,0.713701,0.031538,0.009261,0.168477,38.2209,67.9345,26.5,1.2202799999999998,0.1,0.4881599999999998,0.04,-58.4093,4.404324179930962,6.034923011483107,0.0,0.0,0.0,0.0,0.0,0.0,0.0,0.0,0.0,0.0,0.0,0.0,0.0,0.0,0.0,0.0,0.0,0.0,3.0,5.0,6.47618e-314,12.5,0.2725913473417835,0.4052866646416463,0.5846549612211338,3.0,0.484799,436.0,0.0081467649532005
30,30.0,30.0,30.0,30.0,30.0,30.0,100.0,51325.0,25.0,0.0084878691790004,0.02,0.001,0.000893508,0.02,0.001,0.0027076,0.008,0.0004,0.00049236,0.00024618,0.06421404,0.0,0.836457,0.035442,0.00818,0.234311,47.1377,34.9947,26.5,1.28088,0.1,0.5124,0.04,-57.4764,9.072088279249597,13.3804017747916,0.0,0.0,0.0,0.0,0.0,0.0,0.0,0.0,0.0,0.0,0.0,0.0,0.0,0.0,0.0,0.0,0.0,0.0,3.0,5.0,4.24871e-314,17.5,0.071393661661821,0.9273051512233712,-0.2150871085656453,2.0,0.359348,514.0,1.4638934538368948
31,31.0,31.0,31.0,31.0,31.0,31.0,64.0,111143.0,43.0,0.0414836450480269,0.02,0.001,0.003269574,0.02,0.001,0.0099078,0.008,0.0004,0.00227634,0.00113817,0.08946828,0.0,0.925473,0.0365,0.009581,0.188346,40.5837,50.866,26.5,1.15884,0.1,0.4635599999999999,0.04,-57.8781,8.40243357715564,13.003491531733468,0.0,0.0,0.0,0.0,0.0,0.0,0.0,0.0,0.0,0.0,0.0,0.0,0.0,0.0,0.0,0.0,0.0,0.0,3.0,5.0,0.0,17.0,0.2933701528645736,1.156987173353478,0.6452197602342306,3.0,1.17067,1112.0,0.0995130480478412
32,32.0,32.0,32.0,32.0,32.0,32.0,174.0,20838.0,38.0,0.0285145930255477,0.02,0.001,0.002029104,0.02,0.001,0.0061488,0.008,0.0004,0.0007015799999999,0.0003507899999999,0.0792363,0.0,0.488331,0.035333,0.005687,0.145345,42.9498,64.2633,26.5,0.1875599999999998,0.1,0.075,0.04,-56.3019,10.422745634650704,13.96403988016516,0.0,0.0,0.0,0.0,0.0,0.0,0.0,0.0,0.0,0.0,0.0,0.0,0.0,0.0,0.0,0.0,0.0,0.0,3.0,5.0,4.25246e-314,20.0,0.1050262684824146,1.0535514261330068,0.3048108901683382,1.0,0.117489,209.0,0.4910047883491287
33,33.0,33.0,33.0,33.0,33.0,33.0,136.0,110112.0,12.0,0.0326120412003809,0.02,0.001,0.002039268,0.02,0.001,0.0061796,0.008,0.0004,0.00541992,0.00270996,0.0544005,0.0,0.792463,0.033469,0.007038,0.20253,30.4112,65.3785,26.5,1.6183200000000002,0.1,0.6474,0.04,-55.7178,5.543291578962488,9.738168001769282,0.0,0.0,0.0,0.0,0.0,0.0,0.0,0.0,0.0,0.0,0.0,0.0,0.0,0.0,0.0,0.0,0.0,0.0,3.0,5.0,4.24872e-314,16.0,0.1615070143926313,1.073567328717819,-0.4329091246901124,1.0,0.347311,1102.0,0.0782184371885927
34,34.0,34.0,34.0,34.0,34.0,34.0,6.0,133880.0,80.0,0.0320313698712191,0.02,0.001,0.002611224,0.02,0.001,0.0079128,0.008,0.0004,0.00194172,0.00097086,0.05340984,0.0,0.74922,0.040325,0.004993,0.209732,37.7276,66.9902,26.5,0.1228799999999998,0.1,0.04908,0.04,-57.7179,8.218940013230606,12.886309395687716,0.0,0.0,0.0,0.0,0.0,0.0,0.0,0.0,0.0,0.0,0.0,0.0,0.0,0.0,0.0,0.0,0.0,0.0,3.0,5.0,6.40895e-314,15.5,0.2106031978024833,1.0828414807602111,0.652516487392647,1.0,0.355689,1339.0,0.0356893106077791
35,35.0,35.0,35.0,35.0,35.0,35.0,153.0,11941.0,41.0,0.0373795753168689,0.02,0.001,0.00167013,0.02,0.001,0.005061,0.008,0.0004,0.0028809,0.00144045,0.07987254,0.0,0.838432,0.045594,0.005488,0.161376,38.2499,51.8679,26.5,0.8400000000000001,0.1,0.336,0.04,-56.6927,6.239197860712527,10.962246239860933,0.0,0.0,0.0,0.0,0.0,0.0,0.0,0.0,0.0,0.0,0.0,0.0,0.0,0.0,0.0,0.0,0.0,0.0,3.0,5.0,6.41353e-314,18.0,0.1816544079224633,1.6644621754098936,-0.0315568059334071,2.0,0.185615,120.0,0.1485121269402699
36,36.0,36.0,36.0,36.0,36.0,36.0,58.0,95750.0,50.0,0.0323056673269981,0.02,0.001,0.001351812,0.02,0.001,0.0040964,0.008,0.0004,0.00234168,0.00117084,0.09109122,0.0,0.390733,0.041416,0.013887,0.204617,45.5526,110.872,26.5,1.11636,0.1,0.44652,0.04,-56.2134,6.231328607284946,10.950821372500293,0.0,0.0,0.0,0.0,0.0,0.0,0.0,0.0,0.0,0.0,0.0,0.0,0.0,0.0,0.0,0.0,0.0,0.0,3.0,5.0,4.28302e-314,16.5,0.1419474178626409,0.6785160029886479,0.2346507782557349,1.0,0.342883,958.0,0.1789362305263595
37,37.0,37.0,37.0,37.0,37.0,37.0,106.0,99932.0,32.0,0.0370982735357036,0.02,0.001,0.002799258,0.02,0.001,0.0084826,0.008,0.0004,0.0024816,0.0012408,0.06148032,0.0,0.986125,0.034571,0.007958,0.163289,66.2249,46.8559,26.5,1.5070800000000002,0.1,0.60276,0.04,-56.2852,7.744796643613365,12.54899880220812,0.0,0.0,0.0,0.0,0.0,0.0,0.0,0.0,0.0,0.0,0.0,0.0,0.0,0.0,0.0,0.0,0.0,0.0,3.0,5.0,4.11e-321,15.5,0.0667752753141813,0.5552429848276906,-0.4034642824436762,2.0,0.342194,1000.0,0.5631404994654995
38,38.0,38.0,38.0,38.0,38.0,38.0,25.0,52061.0,61.0,0.0177043951653302,0.02,0.001,0.002673594,0.02,0.001,0.0081018,0.008,0.0004,0.00250338,0.00125169,0.0940896,0.0,0.703476,0.035929,0.012077,0.235237,48.4711,39.5731,26.5,0.13296,0.1,0.05316,0.04,-57.6756,7.602793642367858,12.436809348372591,0.0,0.0,0.0,0.0,0.0,0.0,0.0,0.0,0.0,0.0,0.0,0.0,0.0,0.0,0.0,0.0,0.0,0.0,3.0,5.0,4.24578e-314,17.5,0.1212918359806188,0.8355966076641852,-0.008591356566217,3.0,0.562552,521.0,0.0762843806492614
39,39.0,39.0,39.0,39.0,39.0,39.0,168.0,22510.0,10.0,0.0219100892447672,0.02,0.001,0.002797872,0.02,0.001,0.0084784,0.008,0.0004,0.00075702,0.00037851,0.0777183,0.0,0.784945,0.047659,0.004951,0.221608,42.3168,77.2786,26.5,1.44792,0.1,0.5792399999999999,0.04,-59.6367,11.098134800013154,14.1942807486188,0.0,0.0,0.0,0.0,0.0,0.0,0.0,0.0,0.0,0.0,0.0,0.0,0.0,0.0,0.0,0.0,0.0,0.0,3.0,5.0,1e-323,18.0,0.186832725330805,1.08509837977487,0.3470558812825028,3.0,0.276453,226.0,0.0102339257310967
40,40.0,40.0,40.0,40.0,40.0,40.0,73.0,39589.0,89.0,0.0386509449762463,0.02,0.001,0.0034211099999999,0.02,0.001,0.010367,0.008,0.0004,0.00084414,0.00042207,0.07910826,0.0,0.640606,0.043145,0.008728,0.179124,39.4158,61.6277,26.5,1.3062,0.1,0.52248,0.04,-56.4306,11.340047280131028,14.269224697381219,0.0,0.0,0.0,0.0,0.0,0.0,0.0,0.0,0.0,0.0,0.0,0.0,0.0,0.0,0.0,0.0,0.0,0.0,3.0,5.0,6.4836e-314,16.5,0.0348615106904905,3.1660549597670338,-1.12966557560905,0.0,0.0,396.0,0.069549981209136
41,41.0,41.0,41.0,41.0,41.0,41.0,196.0,29385.0,85.0,0.036055021171859,0.02,0.001,0.001132362,0.02,0.001,0.0034314,0.008,0.0004,0.0008019,0.00040095,0.05845488,0.0,0.155552,0.063561,0.006196,0.307796,45.8005,30.1618,26.5,2.01072,0.1,0.80436,0.04,-58.2055,8.35475563169013,12.973687330911286,0.0,0.0,0.0,0.0,0.0,0.0,0.0,0.0,0.0,0.0,0.0,0.0,0.0,0.0,0.0,0.0,0.0,0.0,3.0,5.0,4.28613e-314,19.0,0.094734079824588,0.8547044989626471,0.0354665461053231,1.0,0.046283,294.0,0.1168733244910537
42,42.0,42.0,42.0,42.0,42.0,42.0,239.0,54171.0,71.0,0.0278017704858182,0.02,0.001,0.002890734,0.02,0.001,0.0087598,0.008,0.0004,0.0019437,0.00097185,0.05722398,0.0,0.757437,0.047023,0.008423,0.238566,37.1965,43.9126,26.5,0.4663199999999999,0.1,0.18648,0.04,-55.2576,8.500560965929353,13.063475216708316,0.0,0.0,0.0,0.0,0.0,0.0,0.0,0.0,0.0,0.0,0.0,0.0,0.0,0.0,0.0,0.0,0.0,0.0,3.0,5.0,4.25013e-314,17.0,0.2551930429600363,0.6842125529378563,0.3845225225913471,1.0,0.247097,542.0,0.0096527334420856
43,43.0,43.0,43.0,43.0,43.0,43.0,65.0,1637.0,37.0,0.0206730877858635,0.02,0.001,0.002190804,0.02,0.001,0.0066388,0.008,0.0004,0.00223872,0.00111936,0.06796614,0.0,0.775702,0.036539,0.007708,0.190411,37.6325,51.6385,26.5,0.12888,0.1,0.05148,0.04,-56.6463,7.381810761322528,12.250266572498775,0.0,0.0,0.0,0.0,0.0,0.0,0.0,0.0,0.0,0.0,0.0,0.0,0.0,0.0,0.0,0.0,0.0,0.0,3.0,5.0,6.44194e-314,20.0,0.0555996112502787,1.760447756732656,-0.6217116483870918,1.0,0.070577,17.0,0.5712402052849128
44,44.0,44.0,44.0,44.0,44.0,44.0,48.0,972.0,72.0,0.046543846321202,0.02,0.001,0.000437514,0.02,0.001,0.0013258,0.008,0.0004,0.0005478,0.0002739,0.07844298,0.0,0.671788,0.039536,0.009775,0.159926,35.6932,45.2528,26.5,1.12332,0.1,0.44928,0.04,-55.5296,6.899991094724561,11.783583136134261,0.0,0.0,0.0,0.0,0.0,0.0,0.0,0.0,0.0,0.0,0.0,0.0,0.0,0.0,0.0,0.0,0.0,0.0,3.0,5.0,0.0,17.0,0.1445085339506019,1.4313599986629175,-0.5257292179711585,1.0,0.099615,10.0,0.1206927222962443
45,45.0,45.0,45.0,45.0,45.0,45.0,131.0,16262.0,62.0,0.0206941770813717,0.02,0.001,0.000941556,0.02,0.001,0.0028532,0.008,0.0004,0.0049302,0.0024651,0.08552016,0.0,0.524557,0.039445,0.00746,0.180893,39.5662,58.3178,26.5,0.1739999999999998,0.1,0.0696,0.04,-59.2568,4.83692028421556,7.812658799963991,0.0,0.0,0.0,0.0,0.0,0.0,0.0,0.0,0.0,0.0,0.0,0.0,0.0,0.0,0.0,0.0,0.0,0.0,3.0,5.0,0.0,18.5,0.1166896498719792,1.3687815557299334,-0.1260427033785496,2.0,0.271155,163.0,0.3466776054350446
46,46.0,46.0,46.0,46.0,46.0,46.0,171.0,20647.0,47.0,0.028728348050606,0.02,0.001,0.002605218,0.02,0.001,0.0078946,0.008,0.0004,0.00077814,0.00038907,0.0692472,0.0,0.719629,0.027924,0.007195,0.230775,32.3816,56.2013,26.5,0.1279199999999999,0.1,0.05112,0.04,-59.8866,10.830879531522525,14.107087092160997,0.0,0.0,0.0,0.0,0.0,0.0,0.0,0.0,0.0,0.0,0.0,0.0,0.0,0.0,0.0,0.0,0.0,0.0,3.0,5.0,4.26923e-314,19.0,0.1919142684581168,1.1211841945089875,0.19105343997319,2.0,0.18756,207.0,0.1174900469677548
47,47.0,47.0,47.0,47.0,47.0,47.0,87.0,92546.0,46.0,0.0276332356705747,0.02,0.001,0.00106029,0.02,0.001,0.003213,0.008,0.0004,0.0006336,0.0003168,0.07475952,0.0,1.055,0.034956,0.008481,0.18164,32.3273,17.0538,26.5,1.89732,0.1,0.7588799999999999,0.04,-55.502,8.837480514436404,13.25655760369854,0.0,0.0,0.0,0.0,0.0,0.0,0.0,0.0,0.0,0.0,0.0,0.0,0.0,0.0,0.0,0.0,0.0,0.0,3.0,5.0,6.41132e-314,23.5,0.2407141385422043,1.126519650311608,1.0091428757405685,4.0,1.266268,926.0,0.1840227094955994
48,48.0,48.0,48.0,48.0,48.0,48.0,55.0,11886.0,86.0,0.0105316913467145,0.02,0.001,0.000200508,0.02,0.001,0.0006076,0.008,0.0004,0.00145002,0.00072501,0.07986132,0.0,0.861303,0.02983,0.007993,0.205287,27.8888,56.1018,26.5,0.11388,0.1,0.0456,0.04,-56.9198,4.623604586261173,7.009917448037353,0.0,0.0,0.0,0.0,0.0,0.0,0.0,0.0,0.0,0.0,0.0,0.0,0.0,0.0,0.0,0.0,0.0,0.0,3.0,5.0,6.43788e-314,24.5,0.1629387526526152,2.7846080381833844,-0.1124381561657548,3.0,0.331069,119.0,0.3723234168271805
49,49.0,49.0,49.0,49.0,49.0,49.0,8.0,55864.0,64.0,0.0286150468545878,0.02,0.001,0.001899744,0.02,0.001,0.0057568,0.008,0.0004,0.00191202,0.00095601,0.09090972,0.0,0.832509,0.046036,0.010998,0.233996,50.7487,26.948,26.5,0.081,0.1,0.0324,0.04,-57.7783,7.419661614461068,12.283318429051059,0.0,0.0,0.0,0.0,0.0,0.0,0.0,0.0,0.0,0.0,0.0,0.0,0.0,0.0,0.0,0.0,0.0,0.0,3.0,5.0,3.14384e-319,20.5,0.0922934771277733,1.5487585343183266,-0.3803883647754881,1.0,0.051684,559.0,0.0967982720735833
50,50.0,50.0,50.0,50.0,50.0,50.0,240.0,65085.0,85.0,0.0215565615160911,0.02,0.001,0.004543308,0.02,0.001,0.0137676,0.008,0.0004,0.00277662,0.00138831,0.0923769,0.0,0.469438,0.039782,0.007304,0.158764,37.1456,53.5085,26.5,0.159,0.1,0.0636,0.04,-56.4363,8.772866455376626,13.220984629583107,0.0,0.0,0.0,0.0,0.0,0.0,0.0,0.0,0.0,0.0,0.0,0.0,0.0,0.0,0.0,0.0,0.0,0.0,3.0,5.0,4.2481e-314,21.5,0.2722272051275883,1.047704028535145,0.8072356206235789,1.0,0.146926,651.0,0.0873895049172111
51,51.0,51.0,51.0,51.0,51.0,51.0,128.0,124878.0,78.0,0.0314015927286722,0.02,0.001,0.001560636,0.02,0.001,0.0047292,0.008,0.0004,0.00125532,0.00062766,0.11186208,0.0,0.594495,0.032391,0.009727,0.153913,46.4557,69.6188,26.5,0.16512,0.1,0.066,0.04,-58.7443,8.00402792980839,12.740021614188285,0.0,0.0,0.0,0.0,0.0,0.0,0.0,0.0,0.0,0.0,0.0,0.0,0.0,0.0,0.0,0.0,0.0,0.0,3.0,5.0,6.48168e-314,23.0,0.3094382419944905,1.555894842891368,0.6155555149094158,2.0,0.7863410000000001,1249.0,0.1363390656939436
52,52.0,52.0,52.0,52.0,52.0,52.0,68.0,25071.0,71.0,0.030136932355913,0.02,0.001,0.00098868,0.02,0.001,0.002996,0.008,0.0004,0.00052536,0.00026268,0.08001444,0.0,0.292935,0.042984,0.00681,0.248675,36.0381,50.1936,26.5,0.09132,0.1,0.03648,0.04,-59.0632,9.177803311841487,13.433641440937475,0.0,0.0,0.0,0.0,0.0,0.0,0.0,0.0,0.0,0.0,0.0,0.0,0.0,0.0,0.0,0.0,0.0,0.0,3.0,5.0,4.26177e-314,21.0,0.0843589825832732,1.4448266811142387,-0.1594567224895845,1.0,0.051963,251.0,0.2560936013768364
53,53.0,53.0,53.0,53.0,53.0,53.0,199.0,76472.0,72.0,0.0345473332382856,0.02,0.001,0.004543308,0.02,0.001,0.0137676,0.008,0.0004,0.00277662,0.00138831,0.08159382,0.0,0.68138,0.029827,0.009337,0.208128,24.2291,32.975,26.5,0.1291199999999998,0.1,0.0516,0.04,-58.4831,8.772866455376626,13.220984629583107,0.0,0.0,0.0,0.0,0.0,0.0,0.0,0.0,0.0,0.0,0.0,0.0,0.0,0.0,0.0,0.0,0.0,0.0,3.0,5.0,0.0,20.5,0.2376116391088348,1.4054594538133842,-0.0601634565206807,1.0,0.35441,765.0,0.118938336877483
54,54.0,54.0,54.0,54.0,54.0,54.0,229.0,42495.0,95.0,0.029635185877917,0.02,0.001,0.001161006,0.02,0.001,0.0035182,0.008,0.0004,0.00412434,0.00206217,0.07030914,0.0,0.700664,0.046757,0.008013,0.234018,36.9777,57.7498,26.5,0.1137599999999998,0.1,0.04548,0.04,-57.0463,5.190701572096062,8.893184054032456,0.0,0.0,0.0,0.0,0.0,0.0,0.0,0.0,0.0,0.0,0.0,0.0,0.0,0.0,0.0,0.0,0.0,0.0,3.0,5.0,6.47938e-314,21.0,0.1330381136558349,1.5109175141030702,-0.3251509150289795,1.0,0.199903,425.0,0.1451200666466547
55,55.0,55.0,55.0,55.0,55.0,55.0,85.0,124199.0,99.0,0.0253497604162676,0.02,0.001,0.00027951,0.02,0.001,0.000847,0.008,0.0004,0.0015972,0.0007986,0.07871094,0.0,0.714793,0.050899,0.006257,0.19332,34.1972,57.3209,26.5,0.76968,0.1,0.3077999999999999,0.04,-56.705,4.7728039863262515,7.584967447654693,0.0,0.0,0.0,0.0,0.0,0.0,0.0,0.0,0.0,0.0,0.0,0.0,0.0,0.0,0.0,0.0,0.0,0.0,3.0,5.0,2.16073e-314,22.5,0.2570502370960266,1.6785701123194203,0.5292269699211475,1.0,0.206312,1242.0,0.3030575307532379
56,56.0,56.0,56.0,56.0,56.0,56.0,115.0,51217.0,17.0,0.0221479946387938,0.02,0.001,0.00228459,0.02,0.001,0.006923,0.008,0.0004,0.00031944,0.00015972,0.08673588,0.0,0.474072,0.036197,0.013643,0.24902,44.0942,50.6271,26.5,0.1302,0.1,0.05208,0.04,-54.881,12.638970067139546,14.617952693309363,0.0,0.0,0.0,0.0,0.0,0.0,0.0,0.0,0.0,0.0,0.0,0.0,0.0,0.0,0.0,0.0,0.0,0.0,3.0,5.0,0.0,23.5,0.0860290507424543,1.4808446800429629,-0.182551040802524,1.0,0.094694,513.0,0.765405861579642
57,57.0,57.0,57.0,57.0,57.0,57.0,145.0,121863.0,63.0,0.0290025914070912,0.02,0.001,0.000593208,0.02,0.001,0.0017976,0.008,0.0004,0.00402072,0.00201036,0.09183768,0.0,0.173453,0.016026,0.013074,0.21531,32.8033,42.4009,26.5,0.1764,0.1,0.07056,0.04,-57.1115,4.661460518777262,7.16213428051815,0.0,0.0,0.0,0.0,0.0,0.0,0.0,0.0,0.0,0.0,0.0,0.0,0.0,0.0,0.0,0.0,0.0,0.0,3.0,5.0,6.41624e-314,21.5,0.2796753797018735,1.752344949732385,0.9157010376050116,1.0,0.570156,1219.0,0.1035811201130173
58,58.0,58.0,58.0,58.0,58.0,58.0,215.0,79985.0,85.0,0.033452775546987,0.02,0.001,0.001936704,0.02,0.001,0.0058688,0.008,0.0004,0.00039666,0.00019833,0.09458592,0.0,0.708161,0.048404,0.010053,0.232016,54.7636,52.0571,26.5,1.2317999999999998,0.1,0.49272,0.04,-55.5915,11.804379621776754,14.403531337139754,0.0,0.0,0.0,0.0,0.0,0.0,0.0,0.0,0.0,0.0,0.0,0.0,0.0,0.0,0.0,0.0,0.0,0.0,3.0,5.0,4.28417e-314,24.0,0.2834478688278812,2.8072082229554622,0.6108692930639612,2.0,0.68435,800.0,0.1650289320120719
59,59.0,59.0,59.0,59.0,59.0,59.0,57.0,42382.0,82.0,0.0216035824335784,0.02,0.001,0.000500808,0.02,0.001,0.0015176,0.008,0.0004,0.00199716,0.00099858,0.06825588,0.0,0.655649,0.037641,0.006003,0.193985,32.3078,38.254,26.5,1.2751199999999998,0.1,0.51,0.04,-58.3094,5.072394245443907,8.561855910243557,0.0,0.0,0.0,0.0,0.0,0.0,0.0,0.0,0.0,0.0,0.0,0.0,0.0,0.0,0.0,0.0,0.0,0.0,3.0,5.0,6.43609e-314,23.0,0.1472252287223521,1.5398161252864535,-0.093438357472583,3.0,0.542593,424.0,0.2727522749431366
60,60.0,60.0,60.0,60.0,60.0,60.0,83.0,21315.0,15.0,0.0314742838484671,0.02,0.001,0.000499422,0.02,0.001,0.0015134,0.008,0.0004,0.00053856,0.00026928,0.0723096,0.0,0.648212,0.029583,0.004924,0.195508,34.9521,42.5006,26.5,1.566,0.1,0.6263999999999998,0.04,-58.9818,7.249728419223316,12.131108973852754,0.0,0.0,0.0,0.0,0.0,0.0,0.0,0.0,0.0,0.0,0.0,0.0,0.0,0.0,0.0,0.0,0.0,0.0,3.0,5.0,0.0,24.0,0.1720689016273245,1.7172847256870876,0.0430588727866305,4.0,0.519732,214.0,0.2819163349857607
61,61.0,61.0,61.0,61.0,61.0,61.0,177.0,119700.0,0.0,0.0500796468971451,0.02,0.001,0.001445136,0.02,0.001,0.0043792,0.008,0.0004,0.00209616,0.00104808,0.09582342,0.0,0.737116,0.039815,0.010007,0.22361,36.4755,60.8161,26.5,1.35744,0.1,0.5429999999999999,0.04,-58.2973,6.581095374303672,11.418417418718201,0.0,0.0,0.0,0.0,0.0,0.0,0.0,0.0,0.0,0.0,0.0,0.0,0.0,0.0,0.0,0.0,0.0,0.0,3.0,5.0,6.4691e-314,22.0,0.2942137465696605,1.276581441387966,1.0089290075115644,3.0,1.329068,1198.0,0.0253942215797151
62,62.0,62.0,62.0,62.0,62.0,62.0,105.0,87511.0,11.0,0.0213219650052606,0.02,0.001,0.000431046,0.02,0.001,0.0013062,0.008,0.0004,0.00265452,0.00132726,0.09025896,0.0,0.745598,0.035816,0.009356,0.215105,38.6305,71.1699,26.5,1.29288,0.1,0.5172,0.04,-60.4902,4.721822075817212,7.395835251756387,0.0,0.0,0.0,0.0,0.0,0.0,0.0,0.0,0.0,0.0,0.0,0.0,0.0,0.0,0.0,0.0,0.0,0.0,3.0,5.0,4.24399e-314,20.5,0.1059950941046575,1.4697839229434122,-0.1948535898586151,1.0,0.296897,876.0,0.7189671490631966
63,63.0,63.0,63.0,63.0,63.0,63.0,84.0,127005.0,5.0,0.0195460037805951,0.02,0.001,0.00096558,0.02,0.001,0.002926,0.008,0.0004,0.00507342,0.00253671,0.08800968,0.0,0.186576,0.032667,0.01237,0.230148,44.0754,77.2903,26.5,0.0440399999999998,0.1,0.01764,0.04,-57.9234,4.834297794516619,7.8035601698728065,0.0,0.0,0.0,0.0,0.0,0.0,0.0,0.0,0.0,0.0,0.0,0.0,0.0,0.0,0.0,0.0,0.0,0.0,3.0,5.0,0.0,22.0,0.132859906548268,1.0503925806471106,-0.0416977022472413,3.0,1.0374560000000002,1271.0,0.249125745212017
64,64.0,64.0,64.0,64.0,64.0,64.0,34.0,66402.0,2.0,0.0535482907258902,0.02,0.001,0.00171864,0.02,0.001,0.005208,0.008,0.0004,0.00058542,0.00029271,0.13160796,0.0,0.697961,0.043449,0.004988,0.116859,47.9974,33.1802,26.5,0.0778799999999998,0.1,0.0310799999999999,0.04,-58.9593,10.465008302301785,13.979449488001515,0.0,0.0,0.0,0.0,0.0,0.0,0.0,0.0,0.0,0.0,0.0,0.0,0.0,0.0,0.0,0.0,0.0,0.0,3.0,5.0,0.0,24.0,0.1685231045542306,1.4327673761885136,0.2504689209474665,1.0,0.220953,665.0,0.3990539296554431
65,65.0,65.0,65.0,65.0,65.0,65.0,244.0,64254.0,54.0,0.0352966964840417,0.02,0.001,0.00085701,0.02,0.001,0.002597,0.008,0.0004,0.0010395,0.00051975,0.07163838,0.0,0.65622,0.037975,0.005481,0.308398,31.2118,57.0492,26.5,0.11496,0.1,0.04596,0.04,-59.6363,6.972213103139413,11.859497919747199,0.0,0.0,0.0,0.0,0.0,0.0,0.0,0.0,0.0,0.0,0.0,0.0,0.0,0.0,0.0,0.0,0.0,0.0,3.0,5.0,6.44833e-314,29.5,0.0988989242895992,1.7662774145453493,0.0856113277437146,3.0,0.7383299999999999,643.0,1.5489918855033085
66,66.0,66.0,66.0,66.0,66.0,66.0,116.0,88739.0,39.0,0.0263678256588348,0.02,0.001,0.001161006,0.02,0.001,0.0035182,0.008,0.0004,0.00231924,0.00115962,0.0708279,0.0,0.994288,0.015185,0.006955,0.220994,22.6642,50.5146,26.5,1.05432,0.1,0.4218,0.04,-57.5609,5.978341393014139,10.557609071284526,0.0,0.0,0.0,0.0,0.0,0.0,0.0,0.0,0.0,0.0,0.0,0.0,0.0,0.0,0.0,0.0,0.0,0.0,3.0,5.0,6.41383e-314,27.5,0.2910103802419589,2.1657042391067858,0.5813622478856836,1.0,0.328337,888.0,0.9496670296811116
67,67.0,67.0,67.0,67.0,67.0,67.0,173.0,97522.0,22.0,0.0201342533250287,0.02,0.001,0.003148068,0.02,0.001,0.0095396,0.008,0.0004,0.00264,0.00132,0.09225348,0.0,0.632139,0.022363,0.006718,0.175432,37.5578,60.8301,26.5,1.01112,0.1,0.4044,0.04,-58.9984,7.891903727490494,12.659470200089563,0.0,0.0,0.0,0.0,0.0,0.0,0.0,0.0,0.0,0.0,0.0,0.0,0.0,0.0,0.0,0.0,0.0,0.0,3.0,5.0,6.43661e-314,29.0,0.2391638606107662,2.043736652343504,0.4819594231784854,2.0,0.686975,976.0,0.6997135356217953
68,68.0,68.0,68.0,68.0,68.0,68.0,13.0,84656.0,56.0,0.0477350564073981,0.02,0.001,0.001326402,0.02,0.001,0.0040194,0.008,0.0004,0.00256806,0.00128403,0.0706893,0.0,0.673192,0.034349,0.007232,0.236506,44.8273,53.3471,26.5,0.0528,0.1,0.0211199999999998,0.04,-57.8994,6.031747913796931,10.645041195874564,0.0,0.0,0.0,0.0,0.0,0.0,0.0,0.0,0.0,0.0,0.0,0.0,0.0,0.0,0.0,0.0,0.0,0.0,3.0,5.0,6.44903e-314,25.5,0.1776112049109187,1.229438922232962,0.283785196723573,2.0,0.836254,847.0,0.0570910498305433
69,69.0,69.0,69.0,69.0,69.0,69.0,144.0,25529.0,29.0,0.0337513956775309,0.02,0.001,0.003956106,0.02,0.001,0.0119882,0.008,0.0004,0.00102696,0.00051348,0.06081636,0.0,1.08173,0.030957,0.007221,0.228958,46.8924,83.0159,26.5,0.4379999999999999,0.1,0.1751999999999998,0.04,-57.5428,11.207791530671456,14.228701619102152,0.0,0.0,0.0,0.0,0.0,0.0,0.0,0.0,0.0,0.0,0.0,0.0,0.0,0.0,0.0,0.0,0.0,0.0,3.0,5.0,6.47656e-314,28.0,0.0880402512654074,1.5691484671960785,0.1277730747399664,1.0,0.055982,256.0,0.6727515154309173
70,70.0,70.0,70.0,70.0,70.0,70.0,60.0,29894.0,94.0,0.0370772364424943,0.02,0.001,0.002393622,0.02,0.001,0.0072534,0.008,0.0004,0.00315942,0.00157971,0.07335042,0.0,0.779131,0.048774,0.005772,0.274654,46.0792,58.8911,26.5,0.1136399999999999,0.1,0.04548,0.04,-57.7263,6.782586880967289,11.655074046950517,0.0,0.0,0.0,0.0,0.0,0.0,0.0,0.0,0.0,0.0,0.0,0.0,0.0,0.0,0.0,0.0,0.0,0.0,3.0,5.0,6.47643e-314,25.5,0.08470739830517,1.622663993062019,0.1048035812466567,2.0,0.132384,299.0,0.7953408784918385
71,71.0,71.0,71.0,71.0,71.0,71.0,230.0,19032.0,32.0,0.0290874470180356,0.02,0.001,0.001479786,0.02,0.001,0.0044842,0.008,0.0004,0.0038346,0.0019173,0.11013948,0.0,1.10455,0.030617,0.009014,0.14535,40.275,86.7534,26.5,0.07284,0.1,0.02916,0.04,-55.9748,5.578171641441886,9.811891569432824,0.0,0.0,0.0,0.0,0.0,0.0,0.0,0.0,0.0,0.0,0.0,0.0,0.0,0.0,0.0,0.0,0.0,0.0,3.0,5.0,4.11e-321,30.0,0.0831276736911682,2.156667791722867,0.078459133085241,3.0,0.32051,191.0,0.0757058316632592
72,72.0,72.0,72.0,72.0,72.0,72.0,246.0,126447.0,47.0,0.0398743413675497,0.02,0.001,0.0013268639999999,0.02,0.001,0.0040208,0.008,0.0004,0.00355278,0.00177639,0.08959434,0.0,1.23301,0.0209,0.005157,0.221316,40.2611,37.9809,26.5,0.1657199999999999,0.1,0.06624,0.04,-58.5018,5.5331993051610535,9.716539780452361,0.0,0.0,0.0,0.0,0.0,0.0,0.0,0.0,0.0,0.0,0.0,0.0,0.0,0.0,0.0,0.0,0.0,0.0,3.0,5.0,4.26564e-314,30.0,0.2537604803081758,1.8984620361909623,0.358218378512841,2.0,0.791024,1265.0,0.3609436327544626
73,73.0,73.0,73.0,73.0,73.0,73.0,249.0,8791.0,91.0,0.0346888333745553,0.02,0.001,0.001750056,0.02,0.001,0.0053032,0.008,0.0004,0.00102234,0.00051117,0.07674348,0.0,0.818118,0.034941,0.005877,0.214867,46.6266,56.8974,26.5,1.1748,0.1,0.46992,0.04,-58.1447,8.902897832460278,13.291911866181952,0.0,0.0,0.0,0.0,0.0,0.0,0.0,0.0,0.0,0.0,0.0,0.0,0.0,0.0,0.0,0.0,0.0,0.0,3.0,5.0,4.26367e-314,31.0,0.0952678970825941,2.2702566009648293,-0.3599925656607902,1.0,0.082555,88.0,0.5355910607726166
74,74.0,74.0,74.0,74.0,74.0,74.0,75.0,93708.0,8.0,0.0262913049294256,0.02,0.001,0.004027254,0.02,0.001,0.0122038,0.008,0.0004,0.00158994,0.00079497,0.09276234,0.0,0.584407,0.024945,0.006876,0.206136,49.0341,44.5112,26.5,1.09824,0.1,0.4393199999999999,0.04,-57.4807,10.043121290763406,13.818823242753092,0.0,0.0,0.0,0.0,0.0,0.0,0.0,0.0,0.0,0.0,0.0,0.0,0.0,0.0,0.0,0.0,0.0,0.0,3.0,5.0,0.0,32.0,0.3154373125617935,2.395574695419638,0.8845138966676257,1.0,0.482783,938.0,0.7220315833329639
75,75.0,75.0,75.0,75.0,75.0,75.0,133.0,16929.0,29.0,0.0254393822735938,0.02,0.001,0.000720258,0.02,0.001,0.0021826,0.008,0.0004,0.00281094,0.00140547,0.09901452,0.0,0.826401,0.048194,0.005129,0.206697,42.8819,25.4254,26.5,1.44852,0.1,0.5793599999999999,0.04,-58.1414,5.093599436976639,8.623277045761911,0.0,0.0,0.0,0.0,0.0,0.0,0.0,0.0,0.0,0.0,0.0,0.0,0.0,0.0,0.0,0.0,0.0,0.0,3.0,5.0,6.43667e-314,32.0,0.1451101826034929,2.027685076413781,0.1666253883008864,1.0,0.09208,170.0,0.6370641599813553
76,76.0,76.0,76.0,76.0,76.0,76.0,194.0,99415.0,15.0,0.0330603257353178,0.02,0.001,0.003021018,0.02,0.001,0.0091546,0.008,0.0004,0.00326898,0.00163449,0.08518818,0.0,0.726824,0.045847,0.003711,0.183075,56.2391,66.5151,26.5,0.1062,0.1,0.0424799999999998,0.04,-54.7356,7.241399120003895,12.123388255790658,0.0,0.0,0.0,0.0,0.0,0.0,0.0,0.0,0.0,0.0,0.0,0.0,0.0,0.0,0.0,0.0,0.0,0.0,3.0,5.0,0.0,32.0,0.2325673658268328,1.92399400262828,2.23208251074186,2.0,0.356736,995.0,0.2906389407158214
77,77.0,77.0,77.0,77.0,77.0,77.0,79.0,20578.0,78.0,0.0420622789311293,0.02,0.001,0.000354816,0.02,0.001,0.0010752,0.008,0.0004,0.00201696,0.00100848,0.08590296,0.0,0.513414,0.032261,0.008408,0.211527,40.9378,29.8863,26.5,0.95856,0.1,0.3833999999999999,0.04,-54.6045,4.77649407159904,7.598373707098131,0.0,0.0,0.0,0.0,0.0,0.0,0.0,0.0,0.0,0.0,0.0,0.0,0.0,0.0,0.0,0.0,0.0,0.0,3.0,5.0,6.48101e-314,32.5,0.1368009224976859,2.4530725439727017,-0.0876444544208026,1.0,0.087791,206.0,0.5136713742257065
78,78.0,78.0,78.0,78.0,78.0,78.0,47.0,17076.0,76.0,0.0461833582558189,0.02,0.001,0.000901824,0.02,0.001,0.0027328,0.008,0.0004,0.0004917,0.00024585,0.0733458,0.0,0.759878,0.02339,0.009194,0.199295,49.0899,55.7066,26.5,0.13884,0.1,0.05556,0.04,-54.2456,9.102911025640527,13.39608272297862,0.0,0.0,0.0,0.0,0.0,0.0,0.0,0.0,0.0,0.0,0.0,0.0,0.0,0.0,0.0,0.0,0.0,0.0,3.0,5.0,6.47367e-314,30.5,0.107238376002209,1.4407157901536876,0.0215694124514613,2.0,0.20305,171.0,0.0078918643938788
79,79.0,79.0,79.0,79.0,79.0,79.0,245.0,17719.0,19.0,0.037442664503625,0.02,0.001,0.0013379519999999,0.02,0.001,0.0040544,0.008,0.0004,0.00201696,0.00100848,0.07073022,0.0,0.795001,0.022776,0.010227,0.268047,36.3159,29.2865,26.5,0.8734799999999999,0.1,0.34944,0.04,-56.4465,6.501862617903106,11.319238471479045,0.0,0.0,0.0,0.0,0.0,0.0,0.0,0.0,0.0,0.0,0.0,0.0,0.0,0.0,0.0,0.0,0.0,0.0,3.0,5.0,6.43505e-314,32.0,0.0703407428098259,2.407766276706709,-0.043227408292396,1.0,0.105759,178.0,0.1267856710906382
80,80.0,80.0,80.0,80.0,80.0,80.0,170.0,129322.0,22.0,0.0215731084402479,0.02,0.001,0.003194268,0.02,0.001,0.0096796,0.008,0.0004,0.00415932,0.00207966,0.10877196,0.0,0.81262,0.031257,0.00352,0.146283,48.0722,14.7477,26.5,1.21836,0.1,0.48732,0.04,-57.6224,6.812494175039591,11.688431625816776,0.0,0.0,0.0,0.0,0.0,0.0,0.0,0.0,0.0,0.0,0.0,0.0,0.0,0.0,0.0,0.0,0.0,0.0,3.0,5.0,6.4397e-314,33.0,0.2392572345372156,1.7880061439552613,0.5703740513712177,1.0,0.477559,1294.0,0.479386190081753
81,81.0,81.0,81.0,81.0,81.0,81.0,132.0,119289.0,89.0,0.0207401451141585,0.02,0.001,0.002403786,0.02,0.001,0.0072842,0.008,0.0004,0.00329538,0.00164769,0.09017976,0.0,0.502742,0.049588,0.006761,0.275949,26.7491,63.6767,26.5,0.18048,0.1,0.07224,0.04,-55.8405,6.700342145337724,11.561048504064388,0.0,0.0,0.0,0.0,0.0,0.0,0.0,0.0,0.0,0.0,0.0,0.0,0.0,0.0,0.0,0.0,0.0,0.0,3.0,5.0,6.44485e-314,32.5,0.2045055192106342,2.689369749618939,0.5370644930032489,2.0,0.555882,1193.0,0.2528287999129441
82,82.0,82.0,82.0,82.0,82.0,82.0,184.0,59439.0,39.0,0.038057213810793,0.02,0.001,0.00160314,0.02,0.001,0.004858,0.008,0.0004,0.00282216,0.00141108,0.09355962,0.0,0.404357,0.070625,0.004126,0.331394,37.1422,19.0444,26.5,0.16332,0.1,0.06528,0.04,-59.0911,6.2014873429924355,10.907080639946184,0.0,0.0,0.0,0.0,0.0,0.0,0.0,0.0,0.0,0.0,0.0,0.0,0.0,0.0,0.0,0.0,0.0,0.0,3.0,5.0,6.48381e-314,32.5,0.0685536210506779,1.786360669311127,-0.242806862930911,4.0,0.865813,595.0,0.8969086100815372
83,83.0,83.0,83.0,83.0,83.0,83.0,67.0,59628.0,28.0,0.0281451398410565,0.02,0.001,0.000546084,0.02,0.001,0.0016548,0.008,0.0004,0.00510906,0.00255453,0.03969504,0.0,0.759276,0.028552,0.004413,0.338173,42.588,34.5166,26.5,0.11868,0.1,0.0474,0.04,-56.8612,4.494071301443271,6.453977416618489,0.0,0.0,0.0,0.0,0.0,0.0,0.0,0.0,0.0,0.0,0.0,0.0,0.0,0.0,0.0,0.0,0.0,0.0,3.0,5.0,4.82e-321,36.5,0.0687414592099577,2.3996684330449494,0.1300465218943141,2.0,0.377051,597.0,0.785407104650156
84,84.0,84.0,84.0,84.0,84.0,84.0,149.0,133206.0,6.0,0.0259620786773138,0.02,0.001,0.000382998,0.02,0.001,0.0011606,0.008,0.0004,0.00210012,0.00105006,0.1129854,0.0,0.704211,0.056426,0.008271,0.288516,35.3123,75.6581,26.5,0.07536,0.1,0.0301199999999998,0.04,-56.7642,4.8024390609234135,7.6915806555070345,0.0,0.0,0.0,0.0,0.0,0.0,0.0,0.0,0.0,0.0,0.0,0.0,0.0,0.0,0.0,0.0,0.0,0.0,3.0,5.0,0.0,40.0,0.2374688525035017,2.52987380277632,0.693476550010381,2.0,0.934455,1333.0,1.005138645527311
85,85.0,85.0,85.0,85.0,85.0,85.0,88.0,131923.0,23.0,0.042371026746312,0.02,0.001,0.002067912,0.02,0.001,0.0062664,0.008,0.0004,0.00211134,0.00105567,0.11964414,0.0,0.252425,0.04603,0.006979,0.269588,47.8815,64.0234,26.5,1.35288,0.1,0.54108,0.04,-57.0765,7.38392742478032,12.252127401513878,0.0,0.0,0.0,0.0,0.0,0.0,0.0,0.0,0.0,0.0,0.0,0.0,0.0,0.0,0.0,0.0,0.0,0.0,3.0,5.0,6.40217e-314,40.0,0.1894289902242814,2.744689271991837,0.2425400788959296,1.0,0.360649,1320.0,0.3636147283427406
86,86.0,86.0,86.0,86.0,86.0,86.0,0.0,19732.0,32.0,0.0337360620221455,0.02,0.001,0.002245782,0.02,0.001,0.0068054,0.008,0.0004,0.0002838,0.0001419,0.10457634,0.0,0.723412,0.026271,0.007702,0.233534,49.2477,71.356,26.5,1.15776,0.1,0.46308,0.04,-58.0718,12.83216982466525,14.663323435288444,0.0,0.0,0.0,0.0,0.0,0.0,0.0,0.0,0.0,0.0,0.0,0.0,0.0,0.0,0.0,0.0,0.0,0.0,3.0,5.0,4.11e-321,39.5,0.0766715227168098,3.644332199135401,-0.2227973154527783,1.0,0.08431,198.0,0.5343612712707303
87,87.0,87.0,87.0,87.0,87.0,87.0,7.0,30834.0,34.0,0.0445569607473242,0.02,0.001,0.00130284,0.02,0.001,0.003948,0.008,0.0004,0.00130944,0.00065472,0.10691934,0.0,0.533261,0.017662,0.006696,0.267969,48.4125,47.0551,26.5,0.0486,0.1,0.01944,0.04,-57.7648,7.423131378015356,12.286324704343743,0.0,0.0,0.0,0.0,0.0,0.0,0.0,0.0,0.0,0.0,0.0,0.0,0.0,0.0,0.0,0.0,0.0,0.0,3.0,5.0,6.47436e-314,43.5,0.0595513429711684,3.1161714535005176,-0.2500089866592993,3.0,0.326999,309.0,3.974983415489596
88,88.0,88.0,88.0,88.0,88.0,88.0,175.0,118040.0,40.0,0.0331859880075928,0.02,0.001,0.001243242,0.02,0.001,0.0037674,0.008,0.0004,0.00063294,0.00031647,0.0818928,0.0,0.385039,0.01836,0.002122,0.261265,54.5383,61.9532,26.5,0.11436,0.1,0.04572,0.04,-58.0207,9.302626199896181,13.494588675237791,0.0,0.0,0.0,0.0,0.0,0.0,0.0,0.0,0.0,0.0,0.0,0.0,0.0,0.0,0.0,0.0,0.0,0.0,3.0,5.0,6.44043e-314,41.5,0.1824617230482969,3.010667342300574,0.3768542096945579,1.0,0.456195,1181.0,0.8904517805949197
89,89.0,89.0,89.0,89.0,89.0,89.0,32.0,118040.0,40.0,0.0277172484895649,0.02,0.001,0.001076922,0.02,0.001,0.0032634,0.008,0.0004,0.00584958,0.00292479,0.0818928,0.0,0.385039,0.01836,0.002122,0.261265,54.5383,61.9532,26.5,0.11436,0.1,0.04572,0.04,-58.0207,4.809392226983678,7.716250259099243,0.0,0.0,0.0,0.0,0.0,0.0,0.0,0.0,0.0,0.0,0.0,0.0,0.0,0.0,0.0,0.0,0.0,0.0,3.0,5.0,6.44043e-314,41.5,0.1824617230482969,3.010667342300574,0.3768542096945579,1.0,0.456195,1181.0,1.2794491236200032
90,90.0,90.0,90.0,90.0,90.0,90.0,29.0,30834.0,34.0,0.0324502076317174,0.02,0.001,0.001606374,0.02,0.001,0.0048678,0.008,0.0004,0.00071148,0.00035574,0.10691934,0.0,0.533261,0.017662,0.006696,0.267969,48.4125,47.0551,26.5,0.0486,0.1,0.01944,0.04,-57.7648,9.709222973846808,13.67996723065432,0.0,0.0,0.0,0.0,0.0,0.0,0.0,0.0,0.0,0.0,0.0,0.0,0.0,0.0,0.0,0.0,0.0,0.0,3.0,5.0,6.47436e-314,43.5,0.0595513429711684,3.1161714535005176,-0.2500089866592993,3.0,0.326999,309.0,1.8548814497667747
91,91.0,91.0,91.0,91.0,91.0,91.0,130.0,117968.0,68.0,0.0403128753013843,0.02,0.001,0.000640332,0.02,0.001,0.0019404,0.008,0.0004,0.00448932,0.00224466,0.09267588,0.0,0.647155,0.018751,0.00592,0.249149,30.5943,36.6235,26.5,0.8321999999999999,0.1,0.33288,0.04,-54.9274,4.641431625629619,7.082154372130519,0.0,0.0,0.0,0.0,0.0,0.0,0.0,0.0,0.0,0.0,0.0,0.0,0.0,0.0,0.0,0.0,0.0,0.0,3.0,5.0,0.0,43.0,0.2086257579964538,3.3817687577219364,0.6280674496845148,2.0,0.745107,1180.0,0.0308219769328872
92,92.0,92.0,92.0,92.0,92.0,92.0,38.0,56721.0,21.0,0.024188572998491,0.02,0.001,0.000455994,0.02,0.001,0.0013818,0.008,0.0004,0.00195294,0.00097647,0.08024742,0.0,1.11313,0.034328,0.004248,0.261319,41.9075,43.1078,26.5,0.95028,0.1,0.38016,0.04,-57.0352,5.0051016655172695,8.36069010600678,0.0,0.0,0.0,0.0,0.0,0.0,0.0,0.0,0.0,0.0,0.0,0.0,0.0,0.0,0.0,0.0,0.0,0.0,3.0,5.0,4.28122e-314,43.0,0.2467094223085079,3.942128612041759,0.3233810937975055,1.0,0.192496,568.0,0.6944170819787014
93,93.0,93.0,93.0,93.0,93.0,93.0,74.0,28050.0,50.0,0.0219597705936368,0.02,0.001,0.002399166,0.02,0.001,0.0072702,0.008,0.0004,0.00133056,0.00066528,0.08646462,0.0,0.505387,0.003971,0.003638,0.236606,35.9801,84.8582,26.5,0.16764,0.1,0.06708,0.04,-57.2207,9.053430930998319,13.370845511922715,0.0,0.0,0.0,0.0,0.0,0.0,0.0,0.0,0.0,0.0,0.0,0.0,0.0,0.0,0.0,0.0,0.0,0.0,3.0,5.0,4.28503e-314,47.0,0.064768454020247,3.3994582458594382,0.1019253771532071,4.0,0.386341,281.0,1.511057950124905
94,94.0,94.0,94.0,94.0,94.0,94.0,5.0,100291.0,91.0,0.022831165044823,0.02,0.001,0.001428966,0.02,0.001,0.0043302,0.008,0.0004,0.00048246,0.00024123,0.09506838,0.0,1.42604,0.046807,0.00492,0.360487,48.4372,19.2787,26.5,0.19572,0.1,0.07836,0.04,-55.1491,10.489977240641903,13.9884860908669,0.0,0.0,0.0,0.0,0.0,0.0,0.0,0.0,0.0,0.0,0.0,0.0,0.0,0.0,0.0,0.0,0.0,0.0,3.0,5.0,4.24996e-314,46.0,0.457842148482018,4.344182195413319,2.074611809429565,2.0,0.563183,1003.0,7.621146652271758
95,95.0,95.0,95.0,95.0,95.0,95.0,238.0,26520.0,20.0,0.0185576162240241,0.02,0.001,0.000523908,0.02,0.001,0.0015876,0.008,0.0004,0.00234498,0.00117249,0.09109584,0.0,0.636181,0.024759,0.003806,0.300513,47.771,32.9172,26.5,1.18428,0.1,0.47376,0.04,-58.2612,4.965570926591714,8.237892577900348,0.0,0.0,0.0,0.0,0.0,0.0,0.0,0.0,0.0,0.0,0.0,0.0,0.0,0.0,0.0,0.0,0.0,0.0,3.0,5.0,6.47098e-314,53.5,0.0689942432579516,3.18614377365514,-0.113292180104619,1.0,0.053291,266.0,10.302219548349134
96,96.0,96.0,96.0,96.0,96.0,96.0,39.0,61033.0,33.0,0.0085779900439058,0.02,0.001,0.002175558,0.02,0.001,0.0065926,0.008,0.0004,0.00063756,0.00031878,0.11586696,0.0,0.670649,0.028634,0.008212,0.289875,35.9476,85.1163,26.5,0.17712,0.1,0.07092,0.04,-55.0532,10.882896725627036,14.12443870445008,0.0,0.0,0.0,0.0,0.0,0.0,0.0,0.0,0.0,0.0,0.0,0.0,0.0,0.0,0.0,0.0,0.0,0.0,3.0,5.0,6.47963e-314,51.0,0.0478350131887942,4.170507715602191,-0.1916858745625423,1.0,0.089422,611.0,0.0774027578475705
97,97.0,97.0,97.0,97.0,97.0,97.0,103.0,59288.0,88.0,0.0283739744751167,0.02,0.001,0.002830212,0.02,0.001,0.0085764,0.008,0.0004,0.00064152,0.00032076,0.10153242,0.0,0.792337,0.03906,0.001713,0.261304,48.1723,38.9807,26.5,0.0998399999999999,0.1,0.03996,0.04,-56.4593,11.555879185711897,14.333139148544213,0.0,0.0,0.0,0.0,0.0,0.0,0.0,0.0,0.0,0.0,0.0,0.0,0.0,0.0,0.0,0.0,0.0,0.0,3.0,5.0,6.4722e-314,56.0,0.0569602269311784,3.7518484206960734,-0.1031413131766401,2.0,0.415612,593.0,6.14310629514372
98,98.0,98.0,98.0,98.0,98.0,98.0,95.0,66604.0,4.0,0.0465821847450068,0.02,0.001,0.001487178,0.02,0.001,0.0045066,0.008,0.0004,0.00844866,0.00422433,0.0960795,0.0,0.934044,0.048495,0.010045,0.266967,47.3727,45.5799,26.5,0.08352,0.1,0.03336,0.04,-58.209,4.776933280909364,7.599966873502974,0.0,0.0,0.0,0.0,0.0,0.0,0.0,0.0,0.0,0.0,0.0,0.0,0.0,0.0,0.0,0.0,0.0,0.0,3.0,5.0,0.0,24.0,0.2008151291807409,1.7889746036604373,0.3060637153122225,1.0,0.124981,667.0,0.2052150432162365
99,99.0,99.0,99.0,99.0,99.0,99.0,99.0,93708.0,8.0,0.030502496942102,0.02,0.001,0.00210672,0.02,0.001,0.006384,0.008,0.0004,0.00320628,0.00160314,0.09276234,0.0,0.584407,0.024945,0.006876,0.206136,49.0341,44.5112,26.5,1.09824,0.1,0.4393199999999999,0.04,-57.4807,6.482558819563159,11.294513359094632,0.0,0.0,0.0,0.0,0.0,0.0,0.0,0.0,0.0,0.0,0.0,0.0,0.0,0.0,0.0,0.0,0.0,0.0,3.0,5.0,0.0,32.0,0.3154373125617935,2.395574695419638,0.8845138966676257,1.0,0.482783,938.0,0.7220315833329639
