,Unnamed: 0.8,Unnamed: 0.7,Unnamed: 0.6,Unnamed: 0.5,Unnamed: 0.4,Unnamed: 0.3,Unnamed: 0.2,Unnamed: 0.1,Unnamed: 0,gTON_STN_MEAN_nS_pF,gTON_STN_SIGMA,gTON_STN_THETA,gTON_CL_S_MEAN_nS_pF,gTON_CL_S_SIGMA,gTON_CL_S_THETA,gTON_CL_D_MEAN_nS_pF,gTON_CL_D_SIGMA,gTON_CL_D_THETA,gKCC2_S_nS_pF,gKCC2_D_nS_pF,gTRPC3_nS_pF,gHCN_nS_pF,gCA_nS_pF,gL_nS_pF,gSK_nS_pF,gNAP_nS_pF,gNAF_nS_pF,gKDR_nS_pF,gSD_nS,soma_noise_intensity,soma_noise_intensity_theta,dend_noise_intensity,dend_noise_intensity_theta,Eleak_mV,CL_in_S,CL_in_D,Iapp,Iapp_dend,gpe_stim,gpe_stim_freqs,gpe_poisson,W_gpe,gpe_start_time,gpe_base_length,gpe_stim_length,gpe_post_length,str_stim,str_stim_freqs,str_poisson,W_str,str_start_time,str_base_length,str_stim_length,str_post_length,tausyn,tauexc,tausyn_dend,pre_exp_fr,pre_exp_cv,pre_exp_fr_zscore,pre_exp_cv_zscore,connections,total_weight,sim,rel_error
0,0.0,0.0,0.0,0.0,0.0,0.0,160.0,14010.0,10.0,0.0426182130973507,0.01,0.001,0.00313698,0.01,0.001,0.00313698,0.004,0.0004,0.00283932,0.00141966,0.03828594,0.0,0.834204,0.049134,0.010386,0.16971,38.325,35.7532,26.5,0.21648,0.1,0.08656,0.04,-57.6004,7.690555098035907,9.646392976207355,0.0,0.0,0.0,0.0,0.0,0.0,0.0,0.0,0.0,0.0,0.0,0.0,0.0,0.0,0.0,0.0,0.0,0.0,3.0,5.0,1e-323,4.5,0.3642236488056772,-0.5378697235056932,1.0770731141627266,2.0,0.197436,141.0,0.0080457733911297
1,1.0,1.0,1.0,1.0,1.0,1.0,23.0,66110.0,10.0,0.0202602310788818,0.01,0.001,0.00170808,0.01,0.001,0.00170808,0.004,0.0004,0.0032142,0.0016071,0.03310494,0.0,1.19935,0.015899,0.010233,0.210238,29.0481,18.641,26.5,2.1704,0.1,0.86816,0.04,-56.5581,6.081394664817263,7.5903507437510775,0.0,0.0,0.0,0.0,0.0,0.0,0.0,0.0,0.0,0.0,0.0,0.0,0.0,0.0,0.0,0.0,0.0,0.0,3.0,5.0,1e-323,3.5,0.0872836680596964,-0.5687580516638726,-0.2804324911293014,3.0,0.71033,662.0,0.0382155270387607
2,2.0,2.0,2.0,2.0,2.0,2.0,120.0,103267.0,67.0,0.0403730417417873,0.01,0.001,0.00119394,0.01,0.001,0.00119394,0.004,0.0004,0.00070818,0.00035409,0.0303831,0.0,0.810504,0.043855,0.008438,0.192658,34.6124,54.8244,26.5,0.15536,0.1,0.06224,0.04,-58.3522,8.858914511539636,10.85031472255018,0.0,0.0,0.0,0.0,0.0,0.0,0.0,0.0,0.0,0.0,0.0,0.0,0.0,0.0,0.0,0.0,0.0,0.0,3.0,5.0,4.26895e-314,3.0,0.2462019474422914,-1.2643904176053913,0.5350486046522148,2.0,0.864421,1033.0,0.0570580155796216
3,3.0,3.0,3.0,3.0,3.0,3.0,172.0,124120.0,20.0,0.0283726860229713,0.01,0.001,0.00373758,0.01,0.001,0.00373758,0.004,0.0004,0.00460218,0.00230109,0.03654156,0.0,0.764274,0.054807,0.008124,0.1595,43.4084,63.5912,26.5,1.4158399999999998,0.1,0.5664,0.04,-58.9219,6.937846803264627,8.751718479446282,0.0,0.0,0.0,0.0,0.0,0.0,0.0,0.0,0.0,0.0,0.0,0.0,0.0,0.0,0.0,0.0,0.0,0.0,3.0,5.0,6.47844e-314,4.0,0.1989401832901281,-0.4660118681991761,0.21086965607091,1.0,0.238459,1242.0,0.0065670445809396
4,4.0,4.0,4.0,4.0,4.0,4.0,150.0,78859.0,59.0,0.0128706464960403,0.01,0.001,0.00211992,0.01,0.001,0.00211992,0.004,0.0004,0.0017754,0.0008877,0.0311883,0.0,0.533496,0.03053,0.007169,0.115043,12.8204,60.4706,26.5,0.17536,0.1,0.07008,0.04,-55.5179,7.8954918098918965,9.87252313613352,0.0,0.0,0.0,0.0,0.0,0.0,0.0,0.0,0.0,0.0,0.0,0.0,0.0,0.0,0.0,0.0,0.0,0.0,3.0,5.0,6.48281e-314,3.0,0.3560571026154536,-0.90280820983851,1.1003922868336986,2.0,0.651833,789.0,0.0776641284698416
5,5.0,5.0,5.0,5.0,5.0,5.0,61.0,89698.0,98.0,0.0254618523924519,0.01,0.001,0.00081642,0.01,0.001,0.00081642,0.004,0.0004,0.00144078,0.00072039,0.01456389,0.0,0.809074,0.025437,0.011965,0.163143,41.0137,64.4101,26.5,0.13664,0.1,0.05472,0.04,-61.0014,6.196936821713358,7.757096169736517,0.0,0.0,0.0,0.0,0.0,0.0,0.0,0.0,0.0,0.0,0.0,0.0,0.0,0.0,0.0,0.0,0.0,0.0,3.0,5.0,0.0,2.5,0.052821874679596,-0.7767360365327276,-0.5980756794776787,2.0,0.5510539999999999,897.0,0.1970366442995458
6,6.0,6.0,6.0,6.0,6.0,6.0,121.0,65356.0,56.0,0.0280282214054281,0.01,0.001,0.00181368,0.01,0.001,0.00181368,0.004,0.0004,0.00066132,0.00033066,0.03687651,0.0,0.756412,0.058242,0.01307,0.270877,9.96719,61.3923,26.5,1.74816,0.1,0.6991999999999998,0.04,-57.0407,10.271554277583398,12.076143667260824,0.0,0.0,0.0,0.0,0.0,0.0,0.0,0.0,0.0,0.0,0.0,0.0,0.0,0.0,0.0,0.0,0.0,0.0,3.0,5.0,6.48277e-314,4.5,0.1593299063170794,-0.4695223115846195,0.2390209922799568,1.0,0.293047,654.0,0.0452890652481088
7,7.0,7.0,7.0,7.0,7.0,7.0,214.0,88464.0,64.0,0.0363805984733999,0.01,0.001,0.00324918,0.01,0.001,0.00324918,0.004,0.0004,0.00025542,0.00012771,0.0306243299999999,0.0,0.752844,0.047607,0.012124,0.143029,36.3532,51.4186,26.5,0.08656,0.1,0.03456,0.04,-56.3391,13.58529902422136,14.296296615034752,0.0,0.0,0.0,0.0,0.0,0.0,0.0,0.0,0.0,0.0,0.0,0.0,0.0,0.0,0.0,0.0,0.0,0.0,3.0,5.0,3.14384e-319,5.0,0.1980513761816469,-0.4387789792136601,0.6224500282030175,2.0,0.573553,885.0,0.0033797592753633
8,8.0,8.0,8.0,8.0,8.0,8.0,223.0,48987.0,87.0,0.0210862732404514,0.01,0.001,0.00060192,0.01,0.001,0.00060192,0.004,0.0004,0.00369996,0.00184998,0.03059265,0.0,0.430305,0.048689,0.008068,0.169934,31.1721,38.8836,26.5,0.96832,0.1,0.38736,0.04,-57.8398,4.723041511585259,5.3562017034192815,0.0,0.0,0.0,0.0,0.0,0.0,0.0,0.0,0.0,0.0,0.0,0.0,0.0,0.0,0.0,0.0,0.0,0.0,3.0,5.0,6.44555e-314,4.0,0.3617382682855741,-0.5472940684483523,1.1759202138682998,3.0,0.67847,490.0,0.0782889064418901
9,9.0,9.0,9.0,9.0,9.0,9.0,15.0,103745.0,45.0,0.036316987139293,0.01,0.001,0.0022902,0.01,0.001,0.0022902,0.004,0.0004,0.00282216,0.00141108,0.0340758,0.0,0.677797,0.039555,0.008847,0.149091,38.5793,40.4266,26.5,1.73888,0.1,0.69552,0.04,-57.1206,6.936091467364339,8.749504241910584,0.0,0.0,0.0,0.0,0.0,0.0,0.0,0.0,0.0,0.0,0.0,0.0,0.0,0.0,0.0,0.0,0.0,0.0,3.0,5.0,0.0,8.5,0.2896728434639072,0.0929826880266719,1.1388045429097051,1.0,0.40011,1038.0,0.007382733772461
10,10.0,10.0,10.0,10.0,10.0,10.0,4.0,42576.0,76.0,0.030918809408242,0.01,0.001,0.00366564,0.01,0.001,0.00366564,0.004,0.0004,0.00653202,0.00326601,0.03060618,0.0,0.802716,0.044062,0.011172,0.182944,42.4625,45.1494,26.5,2.1096,0.1,0.84384,0.04,-56.087,6.1791532298852765,7.731648705793822,0.0,0.0,0.0,0.0,0.0,0.0,0.0,0.0,0.0,0.0,0.0,0.0,0.0,0.0,0.0,0.0,0.0,0.0,3.0,5.0,6.40656e-314,7.5,0.1902193762120013,-0.1463769790848904,0.0559051967386331,1.0,0.265111,426.0,0.0385744064190657
11,11.0,11.0,11.0,11.0,11.0,11.0,193.0,19149.0,49.0,0.0372363363616538,0.01,0.001,0.00083886,0.01,0.001,0.00083886,0.004,0.0004,0.00057948,0.00028974,0.04226541,0.0,0.846194,0.031748,0.01435,0.236351,32.1249,56.4262,26.5,2.1968,0.1,0.87872,0.04,-57.784,8.424411610106088,10.425705310156408,0.0,0.0,0.0,0.0,0.0,0.0,0.0,0.0,0.0,0.0,0.0,0.0,0.0,0.0,0.0,0.0,0.0,0.0,3.0,5.0,6.41663e-314,9.0,0.3542399154597326,-0.0632888037083952,0.933455787648628,3.0,0.359607,192.0,0.0143051857809303
12,12.0,12.0,12.0,12.0,12.0,12.0,176.0,108040.0,40.0,0.0257041774491129,0.01,0.001,0.00508398,0.01,0.001,0.00508398,0.004,0.0004,0.00157476,0.00078738,0.03449919,0.0,0.755549,0.039465,0.008574,0.162913,31.783,49.2205,26.5,0.1264,0.1,0.0505599999999998,0.04,-57.9872,10.730722605812456,12.431694699264144,0.0,0.0,0.0,0.0,0.0,0.0,0.0,0.0,0.0,0.0,0.0,0.0,0.0,0.0,0.0,0.0,0.0,0.0,3.0,5.0,6.44623e-314,6.5,0.3800633578955626,-0.6332117167401804,1.1360372301741355,2.0,0.8522890000000001,1081.0,0.0106280634382625
13,13.0,13.0,13.0,13.0,13.0,13.0,89.0,74804.0,4.0,0.0304798221823951,0.01,0.001,0.00573078,0.01,0.001,0.00573078,0.004,0.0004,0.00240372,0.00120186,0.03184137,0.0,0.655395,0.04531,0.009221,0.16168,41.1366,52.1033,26.5,0.1664,0.1,0.06656,0.04,-55.8911,9.867684621776908,11.747289338397211,0.0,0.0,0.0,0.0,0.0,0.0,0.0,0.0,0.0,0.0,0.0,0.0,0.0,0.0,0.0,0.0,0.0,0.0,3.0,5.0,0.0,7.0,0.3495862436722388,-0.0164055077626972,1.627848448769258,3.0,0.952438,749.0,0.0177092187246343
14,14.0,14.0,14.0,14.0,14.0,14.0,139.0,79571.0,71.0,0.0265708098609363,0.01,0.001,0.00191202,0.01,0.001,0.00191202,0.004,0.0004,0.0034518,0.0017259,0.03288384,0.0,0.629857,0.037472,0.01047,0.148956,38.546,47.5841,26.5,1.84448,0.1,0.73776,0.04,-56.0686,6.155464683064902,7.6976295827230885,0.0,0.0,0.0,0.0,0.0,0.0,0.0,0.0,0.0,0.0,0.0,0.0,0.0,0.0,0.0,0.0,0.0,0.0,3.0,5.0,4.24751e-314,9.5,0.1453491971958857,0.0850403240103491,-0.1940842271680165,1.0,0.421595,796.0,0.0389541053227404
15,15.0,15.0,15.0,15.0,15.0,15.0,46.0,22545.0,45.0,0.035035461306139,0.01,0.001,0.00342738,0.01,0.001,0.00342738,0.004,0.0004,0.00133056,0.00066528,0.03147507,0.0,0.790757,0.037773,0.007262,0.178878,27.7186,48.2671,26.5,1.70256,0.1,0.68096,0.04,-58.4186,10.091620895865873,11.931579960326234,0.0,0.0,0.0,0.0,0.0,0.0,0.0,0.0,0.0,0.0,0.0,0.0,0.0,0.0,0.0,0.0,0.0,0.0,3.0,5.0,0.0,9.5,0.0677181912060259,0.1400844219791328,-0.2259302658255842,1.0,0.08862,226.0,0.1354856524509147
16,16.0,16.0,16.0,16.0,16.0,16.0,97.0,102394.0,94.0,0.0172775027501919,0.01,0.001,0.00094446,0.01,0.001,0.00094446,0.004,0.0004,0.00082302,0.00041151,0.03700785,0.0,0.707563,0.03049,0.010409,0.17571,36.0426,54.3682,26.5,1.50624,0.1,0.60256,0.04,-60.7226,7.789998396545588,9.756987014145126,0.0,0.0,0.0,0.0,0.0,0.0,0.0,0.0,0.0,0.0,0.0,0.0,0.0,0.0,0.0,0.0,0.0,0.0,3.0,5.0,6.47327e-314,8.0,0.2531674228492009,-0.218622931393375,0.5495789551185586,1.0,0.375307,1024.0,0.0039239489357266
17,17.0,17.0,17.0,17.0,17.0,17.0,45.0,14965.0,65.0,0.0292771339739239,0.01,0.001,0.00216084,0.01,0.001,0.00216084,0.004,0.0004,0.00059004,0.00029502,0.03797607,0.0,0.581415,0.050626,0.010004,0.181358,35.4941,44.8527,26.5,1.79376,0.1,0.7176,0.04,-58.9538,11.07368929463744,12.685558106485495,0.0,0.0,0.0,0.0,0.0,0.0,0.0,0.0,0.0,0.0,0.0,0.0,0.0,0.0,0.0,0.0,0.0,0.0,3.0,5.0,6.40597e-314,7.5,0.1825167668614295,-0.1055090214204873,0.1926688235356071,1.0,0.079759,150.0,0.0023569674724055
18,18.0,18.0,18.0,18.0,18.0,18.0,117.0,43588.0,88.0,0.0354340057618805,0.01,0.001,0.0036557399999999,0.01,0.001,0.0036557399999999,0.004,0.0004,0.0030624,0.0015312,0.03541197,0.0,0.713701,0.031538,0.009261,0.168477,38.2209,67.9345,26.5,1.6270399999999998,0.1,0.6508799999999998,0.04,-58.4093,7.8948155752929035,9.871788282488215,0.0,0.0,0.0,0.0,0.0,0.0,0.0,0.0,0.0,0.0,0.0,0.0,0.0,0.0,0.0,0.0,0.0,0.0,3.0,5.0,6.47618e-314,12.5,0.2725913473417835,0.4052866646416463,0.5846549612211338,3.0,0.484799,436.0,0.0081467649532005
19,19.0,19.0,19.0,19.0,19.0,19.0,54.0,103198.0,98.0,0.0347111576709697,0.01,0.001,0.00191928,0.01,0.001,0.00191928,0.004,0.0004,0.0064284,0.0032142,0.03226047,0.0,0.750254,0.040645,0.008536,0.168722,39.2269,51.9269,26.5,1.55728,0.1,0.62288,0.04,-56.4238,5.2555391666616655,6.2949368030019,0.0,0.0,0.0,0.0,0.0,0.0,0.0,0.0,0.0,0.0,0.0,0.0,0.0,0.0,0.0,0.0,0.0,0.0,3.0,5.0,0.0,11.0,0.2972297298743744,0.6448681634677028,0.6827794781566494,1.0,0.430372,1032.0,0.0255541008799565
20,20.0,20.0,20.0,20.0,20.0,20.0,237.0,44481.0,81.0,0.0350187861767241,0.01,0.001,0.00257598,0.01,0.001,0.00257598,0.004,0.0004,0.00135762,0.00067881,0.04157736,0.0,0.801517,0.037433,0.011333,0.164652,37.3136,48.2578,26.5,0.16016,0.1,0.064,0.04,-57.384,9.201718640315848,11.168226433129067,0.0,0.0,0.0,0.0,0.0,0.0,0.0,0.0,0.0,0.0,0.0,0.0,0.0,0.0,0.0,0.0,0.0,0.0,3.0,5.0,4.28315e-314,15.0,0.1286359399524383,0.5543494569256167,-0.0830401857068401,1.0,0.240077,445.0,0.2031112524401148
21,21.0,21.0,21.0,21.0,21.0,21.0,236.0,112918.0,18.0,0.0296733082493803,0.01,0.001,0.00146058,0.01,0.001,0.00146058,0.004,0.0004,0.00155232,0.00077616,0.03120975,0.0,0.479149,0.045069,0.011974,0.147321,45.5954,50.501,26.5,1.17664,0.1,0.47072,0.04,-55.0008,7.285087429505208,9.177637989591458,0.0,0.0,0.0,0.0,0.0,0.0,0.0,0.0,0.0,0.0,0.0,0.0,0.0,0.0,0.0,0.0,0.0,0.0,3.0,5.0,6.46899e-314,10.5,0.2202472917073133,0.1985908374421997,0.2773119843904624,1.0,0.454108,1130.0,0.0049546595604615
22,22.0,22.0,22.0,22.0,22.0,22.0,164.0,21758.0,58.0,0.0478699469875248,0.01,0.001,0.00310002,0.01,0.001,0.00310002,0.004,0.0004,0.00433884,0.00216942,0.0296736,0.0,0.39715,0.029465,0.011572,0.167639,30.68,25.5915,26.5,1.44,0.1,0.576,0.04,-55.3313,6.6561017820373465,8.388005137492254,0.0,0.0,0.0,0.0,0.0,0.0,0.0,0.0,0.0,0.0,0.0,0.0,0.0,0.0,0.0,0.0,0.0,0.0,3.0,5.0,6.44129e-314,12.5,0.1473167305482114,0.159284051568527,0.1393797118326423,1.0,0.065065,218.0,0.0847959576522426
23,23.0,23.0,23.0,23.0,23.0,23.0,198.0,79301.0,1.0,0.0296134244044101,0.01,0.001,0.00078012,0.01,0.001,0.00078012,0.004,0.0004,0.00510906,0.00255453,0.03427809,0.0,1.03845,0.048199,0.006811,0.22498,26.4192,53.4346,26.5,1.57216,0.1,0.6288,0.04,-56.588,4.682472309983822,5.281307370229153,0.0,0.0,0.0,0.0,0.0,0.0,0.0,0.0,0.0,0.0,0.0,0.0,0.0,0.0,0.0,0.0,0.0,0.0,3.0,5.0,0.0,14.0,0.4190266740930285,0.5455811758118222,1.2683512682241371,1.0,0.226099,794.0,0.0031636813669761
24,24.0,24.0,24.0,24.0,24.0,24.0,50.0,49470.0,70.0,0.0175274711575647,0.01,0.001,0.00260898,0.01,0.001,0.00260898,0.004,0.0004,0.00059532,0.00029766,0.03212649,0.0,0.800857,0.02436,0.00954,0.110521,39.2931,38.8521,26.5,0.14736,0.1,0.05888,0.04,-54.1004,11.53921534483115,13.01541928844343,0.0,0.0,0.0,0.0,0.0,0.0,0.0,0.0,0.0,0.0,0.0,0.0,0.0,0.0,0.0,0.0,0.0,0.0,3.0,5.0,6.43945e-314,11.5,0.2307279149835355,0.4042280483453833,0.3482490937500056,1.0,0.202567,495.0,0.0110902251156885
25,25.0,25.0,25.0,25.0,25.0,25.0,203.0,90928.0,28.0,0.0375234473877384,0.01,0.001,0.00063492,0.01,0.001,0.00063492,0.004,0.0004,0.00176022,0.00088011,0.03275943,0.0,0.479737,0.032737,0.010145,0.206835,36.2043,10.5366,26.5,2.01984,0.1,0.8079999999999998,0.04,-56.3898,5.48668529544602,6.6766406227035935,0.0,0.0,0.0,0.0,0.0,0.0,0.0,0.0,0.0,0.0,0.0,0.0,0.0,0.0,0.0,0.0,0.0,0.0,3.0,5.0,4.82e-321,13.0,0.0935107136909707,0.7057256667400508,-0.3681637078342079,0.0,0.0,910.0,0.0918554257849683
26,26.0,26.0,26.0,26.0,26.0,26.0,147.0,15971.0,71.0,0.0224488959072787,0.01,0.001,0.00062238,0.01,0.001,0.00062238,0.004,0.0004,0.00301884,0.00150942,0.04297557,0.0,0.845157,0.039258,0.009076,0.160524,32.49,37.8645,26.5,1.96192,0.1,0.7847999999999998,0.04,-57.7729,4.897410658913765,5.672729153845079,0.0,0.0,0.0,0.0,0.0,0.0,0.0,0.0,0.0,0.0,0.0,0.0,0.0,0.0,0.0,0.0,0.0,0.0,3.0,5.0,4.26683e-314,13.5,0.1779471608211121,0.6892917961675734,-0.0043208840240037,1.0,0.109984,160.0,0.0582987287684869
27,27.0,27.0,27.0,27.0,27.0,27.0,59.0,110357.0,57.0,0.0368384575663979,0.01,0.001,0.00277728,0.01,0.001,0.00277728,0.004,0.0004,0.00131208,0.00065604,0.03057648,0.0,0.697925,0.024272,0.009788,0.18375,32.4448,32.8596,26.5,1.568,0.1,0.6272,0.04,-57.757,9.520910796329568,11.451802919438054,0.0,0.0,0.0,0.0,0.0,0.0,0.0,0.0,0.0,0.0,0.0,0.0,0.0,0.0,0.0,0.0,0.0,0.0,3.0,5.0,4.26391e-314,13.5,0.2518934281777235,0.7180236346487233,0.2727755679555085,1.0,0.449987,1104.0,0.0185065540179815
28,28.0,28.0,28.0,28.0,28.0,28.0,154.0,78338.0,38.0,0.0140091649961256,0.01,0.001,0.00134508,0.01,0.001,0.00134508,0.004,0.0004,0.0049302,0.0024651,0.04149717,0.0,0.940776,0.048429,0.010012,0.17853,37.8195,45.6847,26.5,1.68304,0.1,0.67328,0.04,-58.1594,5.157503254445825,6.128356441725382,0.0,0.0,0.0,0.0,0.0,0.0,0.0,0.0,0.0,0.0,0.0,0.0,0.0,0.0,0.0,0.0,0.0,0.0,3.0,5.0,4.28057e-314,12.5,0.0584414759591098,0.4138199439413568,-0.9554411060123882,0.0,0.0,784.0,0.1349879172091372
29,29.0,29.0,29.0,29.0,29.0,29.0,141.0,24121.0,21.0,0.0276368529478216,0.01,0.001,0.00177342,0.01,0.001,0.00177342,0.004,0.0004,0.00309672,0.00154836,0.03685836,0.0,0.785676,0.037941,0.011605,0.242746,37.1989,36.0446,26.5,1.14208,0.1,0.4568,0.04,-56.0436,6.2164552122715095,7.784936093500398,0.0,0.0,0.0,0.0,0.0,0.0,0.0,0.0,0.0,0.0,0.0,0.0,0.0,0.0,0.0,0.0,0.0,0.0,3.0,5.0,4.25267e-314,13.5,0.1086859170487177,0.337601707425912,-0.1698934610330177,1.0,0.059864,242.0,0.2015567140014074
30,30.0,30.0,30.0,30.0,30.0,30.0,187.0,42285.0,85.0,0.0383605711334639,0.01,0.001,0.00256542,0.01,0.001,0.00256542,0.004,0.0004,0.00079266,0.00039633,0.03973497,0.0,0.550586,0.035168,0.010013,0.195592,34.2645,50.3608,26.5,0.14608,0.1,0.0583999999999998,0.04,-57.9142,10.737612352627616,12.436889921778121,0.0,0.0,0.0,0.0,0.0,0.0,0.0,0.0,0.0,0.0,0.0,0.0,0.0,0.0,0.0,0.0,0.0,0.0,3.0,5.0,4.25115e-314,17.0,0.2285255985251476,0.8978675561750065,0.1419893549225316,2.0,0.485426,423.0,0.0101258717963971
31,31.0,31.0,31.0,31.0,31.0,31.0,86.0,80365.0,65.0,0.0256142400401918,0.01,0.001,0.00257598,0.01,0.001,0.00257598,0.004,0.0004,0.00135762,0.00067881,0.03224661,0.0,0.634003,0.047309,0.006194,0.236617,30.5806,47.8137,26.5,1.15104,0.1,0.46048,0.04,-54.3827,9.201718640315848,11.168226433129067,0.0,0.0,0.0,0.0,0.0,0.0,0.0,0.0,0.0,0.0,0.0,0.0,0.0,0.0,0.0,0.0,0.0,0.0,3.0,5.0,6.44226e-314,16.0,0.2746524719487551,1.320252683460153,0.891061521546561,2.0,0.577625,804.0,0.0596327337802593
32,32.0,32.0,32.0,32.0,32.0,32.0,58.0,95750.0,50.0,0.0382425580276229,0.01,0.001,0.00378774,0.01,0.001,0.00378774,0.004,0.0004,0.00128238,0.00064119,0.04554561,0.0,0.390733,0.041416,0.013887,0.204617,45.5526,110.872,26.5,1.48848,0.1,0.59536,0.04,-56.2134,10.482204080987813,12.241576321981862,0.0,0.0,0.0,0.0,0.0,0.0,0.0,0.0,0.0,0.0,0.0,0.0,0.0,0.0,0.0,0.0,0.0,0.0,3.0,5.0,4.28302e-314,16.5,0.1419474178626409,0.6785160029886479,0.2346507782557349,1.0,0.342883,958.0,0.1789362305263595
33,33.0,33.0,33.0,33.0,33.0,33.0,217.0,11296.0,96.0,0.0352333363298325,0.01,0.001,0.00342408,0.01,0.001,0.00342408,0.004,0.0004,0.00150216,0.00075108,0.03650856,0.0,0.659977,0.034486,0.008537,0.215517,46.5294,39.4621,26.5,0.1568,0.1,0.06272,0.04,-58.6915,9.73702904034554,11.637436866509196,0.0,0.0,0.0,0.0,0.0,0.0,0.0,0.0,0.0,0.0,0.0,0.0,0.0,0.0,0.0,0.0,0.0,0.0,3.0,5.0,6.48285e-314,19.0,0.0932214976623693,1.4044663279989216,-0.2274993541023834,1.0,0.058558,113.0,0.0307116945273505
34,34.0,34.0,34.0,34.0,34.0,34.0,41.0,59832.0,32.0,0.0467135633096759,0.01,0.001,0.00177408,0.01,0.001,0.00177408,0.004,0.0004,0.00434478,0.00217239,0.03827076,0.0,0.795029,0.022349,0.011394,0.178097,37.2944,47.7828,26.5,0.15696,0.1,0.06288,0.04,-58.0117,5.658486273771964,6.950482942290083,0.0,0.0,0.0,0.0,0.0,0.0,0.0,0.0,0.0,0.0,0.0,0.0,0.0,0.0,0.0,0.0,0.0,0.0,3.0,5.0,4.11e-321,19.0,0.0990506002392933,0.8647341023702656,0.3964850190345171,3.0,0.529975,599.0,0.0281435628418026
35,35.0,35.0,35.0,35.0,35.0,35.0,168.0,22510.0,10.0,0.0466336663060232,0.01,0.001,0.00061776,0.01,0.001,0.00061776,0.004,0.0004,0.00506484,0.00253242,0.03885915,0.0,0.784945,0.047659,0.004951,0.221608,42.3168,77.2786,26.5,1.93056,0.1,0.7723199999999998,0.04,-59.6367,4.556534723473769,5.045891762025216,0.0,0.0,0.0,0.0,0.0,0.0,0.0,0.0,0.0,0.0,0.0,0.0,0.0,0.0,0.0,0.0,0.0,0.0,3.0,5.0,1e-323,18.0,0.186832725330805,1.08509837977487,0.3470558812825028,3.0,0.276453,226.0,0.0102339257310967
36,36.0,36.0,36.0,36.0,36.0,36.0,81.0,1184.0,84.0,0.0484984085957294,0.01,0.001,0.0036465,0.01,0.001,0.0036465,0.004,0.0004,0.00317328,0.00158664,0.03524763,0.0,0.687243,0.038769,0.009482,0.169872,33.2987,49.8976,26.5,1.6134399999999998,0.1,0.64544,0.04,-55.2155,7.7936119087103455,9.76097467925004,0.0,0.0,0.0,0.0,0.0,0.0,0.0,0.0,0.0,0.0,0.0,0.0,0.0,0.0,0.0,0.0,0.0,0.0,3.0,5.0,6.43431e-314,16.5,0.0982037041004295,1.294415931678317,-0.5877727899375956,1.0,0.103169,12.0,0.1832396903052286
37,37.0,37.0,37.0,37.0,37.0,37.0,123.0,9658.0,58.0,0.0313814278991388,0.01,0.001,0.00427152,0.01,0.001,0.00427152,0.004,0.0004,0.00321882,0.00160941,0.03832983,0.0,0.749028,0.020997,0.008858,0.191377,25.8911,44.1843,26.5,0.1318399999999998,0.1,0.0526399999999998,0.04,-59.893,8.182256311094982,10.177666642644892,0.0,0.0,0.0,0.0,0.0,0.0,0.0,0.0,0.0,0.0,0.0,0.0,0.0,0.0,0.0,0.0,0.0,0.0,3.0,5.0,6.4364e-314,17.5,0.2198588038141154,1.1507983509986923,0.1245045393917624,3.0,0.236863,97.0,0.0175716251216128
38,38.0,38.0,38.0,38.0,38.0,38.0,190.0,44100.0,0.0,0.0285388499430176,0.01,0.001,0.00178926,0.01,0.001,0.00178926,0.004,0.0004,0.00302346,0.00151173,0.04265613,0.0,0.566293,0.051587,0.007175,0.221182,34.3363,58.2285,26.5,1.90208,0.1,0.7607999999999998,0.04,-56.8218,6.277914434179253,7.871987874794934,0.0,0.0,0.0,0.0,0.0,0.0,0.0,0.0,0.0,0.0,0.0,0.0,0.0,0.0,0.0,0.0,0.0,0.0,3.0,5.0,6.46758e-314,18.0,0.1390749749688081,1.38398715790221,-0.4544725203008993,1.0,0.210109,442.0,0.098451872204086
39,39.0,39.0,39.0,39.0,39.0,39.0,171.0,20647.0,47.0,0.0276411231244892,0.01,0.001,0.0012243,0.01,0.001,0.0012243,0.004,0.0004,0.0010395,0.00051975,0.0346236,0.0,0.719629,0.027924,0.007195,0.230775,32.3816,56.2013,26.5,0.17056,0.1,0.06816,0.04,-59.8866,7.858888949254516,9.832641191678816,0.0,0.0,0.0,0.0,0.0,0.0,0.0,0.0,0.0,0.0,0.0,0.0,0.0,0.0,0.0,0.0,0.0,0.0,3.0,5.0,4.26923e-314,19.0,0.1919142684581168,1.1211841945089875,0.19105343997319,2.0,0.18756,207.0,0.1174900469677548
40,40.0,40.0,40.0,40.0,40.0,40.0,24.0,131429.0,29.0,0.0215845151659342,0.01,0.001,0.00120648,0.01,0.001,0.00120648,0.004,0.0004,0.00465366,0.00232683,0.05746389,0.0,0.613193,0.042612,0.010218,0.180054,35.4052,49.2907,26.5,0.21696,0.1,0.0867199999999998,0.04,-57.8227,5.105273609531678,6.0384576192768264,0.0,0.0,0.0,0.0,0.0,0.0,0.0,0.0,0.0,0.0,0.0,0.0,0.0,0.0,0.0,0.0,0.0,0.0,3.0,5.0,6.47828e-314,17.5,0.1927257565859081,0.9292536842707244,0.376335881712932,3.0,1.228409,1315.0,0.0288732647931685
41,41.0,41.0,41.0,41.0,41.0,41.0,251.0,22848.0,48.0,0.0421965633297651,0.01,0.001,0.00076428,0.01,0.001,0.00076428,0.004,0.0004,0.00226776,0.00113388,0.03143316,0.0,0.213598,0.033867,0.007403,0.214067,34.5174,63.0115,26.5,0.20128,0.1,0.08048,0.04,-56.4925,5.39951383040366,6.534498356966316,0.0,0.0,0.0,0.0,0.0,0.0,0.0,0.0,0.0,0.0,0.0,0.0,0.0,0.0,0.0,0.0,0.0,0.0,3.0,5.0,1.47234e-21,20.0,0.251690253962964,1.0956357230866915,0.6935570852055487,3.0,0.334678,229.0,0.0184300069927643
42,42.0,42.0,42.0,42.0,42.0,42.0,180.0,124678.0,78.0,0.0388108201342498,0.01,0.001,0.00449856,0.01,0.001,0.00449856,0.004,0.0004,0.00284394,0.00142197,0.03545487,0.0,0.7163,0.039062,0.006143,0.181688,40.9857,62.7941,26.5,0.14272,0.1,0.05712,0.04,-56.2396,8.675853500582368,10.674497531443295,0.0,0.0,0.0,0.0,0.0,0.0,0.0,0.0,0.0,0.0,0.0,0.0,0.0,0.0,0.0,0.0,0.0,0.0,3.0,5.0,6.4742e-314,15.5,0.1963284117764628,0.7335809276288251,0.7181443123102257,1.0,0.297461,1247.0,0.0234841943090343
43,43.0,43.0,43.0,43.0,43.0,43.0,204.0,85041.0,41.0,0.0415294565571836,0.01,0.001,0.00399696,0.01,0.001,0.00399696,0.004,0.0004,0.00075702,0.00037851,0.03207666,0.0,0.790571,0.029749,0.009284,0.232551,30.2355,65.4053,26.5,0.14688,0.1,0.0587199999999998,0.04,-57.9266,11.98873087322914,13.319097495611908,0.0,0.0,0.0,0.0,0.0,0.0,0.0,0.0,0.0,0.0,0.0,0.0,0.0,0.0,0.0,0.0,0.0,0.0,3.0,5.0,6.47046e-314,19.5,0.12085780811689,1.2904294823175235,-0.1056412275856198,1.0,0.222095,851.0,0.1144499512073995
44,44.0,44.0,44.0,44.0,44.0,44.0,73.0,39589.0,89.0,0.0290958207896136,0.01,0.001,0.00154242,0.01,0.001,0.00154242,0.004,0.0004,0.00140382,0.00070191,0.03955413,0.0,0.640606,0.043145,0.008728,0.179124,39.4158,61.6277,26.5,1.7416,0.1,0.69664,0.04,-56.4306,7.676143221005811,9.630226953770892,0.0,0.0,0.0,0.0,0.0,0.0,0.0,0.0,0.0,0.0,0.0,0.0,0.0,0.0,0.0,0.0,0.0,0.0,3.0,5.0,6.4836e-314,16.5,0.0348615106904905,3.1660549597670338,-1.12966557560905,0.0,0.0,396.0,0.069549981209136
45,45.0,45.0,45.0,45.0,45.0,45.0,206.0,58260.0,60.0,0.0425842828910725,0.01,0.001,0.00231858,0.01,0.001,0.00231858,0.004,0.0004,0.00449724,0.00224862,0.0407946,0.0,0.921642,0.041992,0.007785,0.293393,36.3046,57.8571,26.5,0.19648,0.1,0.07856,0.04,-59.0385,6.028593418686329,7.513027763880712,0.0,0.0,0.0,0.0,0.0,0.0,0.0,0.0,0.0,0.0,0.0,0.0,0.0,0.0,0.0,0.0,0.0,0.0,3.0,5.0,6.40971e-314,19.5,0.2025370985146373,1.177929826263289,0.6463026873665224,3.0,0.398584,583.0,0.1074759191452586
46,46.0,46.0,46.0,46.0,46.0,46.0,64.0,111143.0,43.0,0.0332894349959036,0.01,0.001,0.00237072,0.01,0.001,0.00237072,0.004,0.0004,0.00381678,0.00190839,0.04473414,0.0,0.925473,0.0365,0.009581,0.188346,40.5837,50.866,26.5,1.54512,0.1,0.61808,0.04,-57.8781,6.370892231270971,8.001946609358301,0.0,0.0,0.0,0.0,0.0,0.0,0.0,0.0,0.0,0.0,0.0,0.0,0.0,0.0,0.0,0.0,0.0,0.0,3.0,5.0,0.0,17.0,0.2933701528645736,1.156987173353478,0.6452197602342306,3.0,1.17067,1112.0,0.0995130480478412
47,47.0,47.0,47.0,47.0,47.0,47.0,159.0,32184.0,84.0,0.0450226686415087,0.01,0.001,0.0031317,0.01,0.001,0.0031317,0.004,0.0004,0.00073194,0.00036597,0.05671875,0.0,0.723179,0.052309,0.007175,0.148156,62.1396,47.1836,26.5,2.53696,0.1,1.01472,0.04,-57.753,11.4787669570149,12.97349887561532,0.0,0.0,0.0,0.0,0.0,0.0,0.0,0.0,0.0,0.0,0.0,0.0,0.0,0.0,0.0,0.0,0.0,0.0,3.0,5.0,6.44503e-314,20.5,0.1199717598802492,1.216302418346684,0.2043567582201028,1.0,0.167934,322.0,0.0645137563559439
48,48.0,48.0,48.0,48.0,48.0,48.0,55.0,11886.0,86.0,0.0202622196854864,0.01,0.001,0.00115962,0.01,0.001,0.00115962,0.004,0.0004,0.00234894,0.00117447,0.03993066,0.0,0.861303,0.02983,0.007993,0.205287,27.8888,56.1018,26.5,0.15184,0.1,0.0608,0.04,-56.9198,5.954945917690278,7.403979751470092,0.0,0.0,0.0,0.0,0.0,0.0,0.0,0.0,0.0,0.0,0.0,0.0,0.0,0.0,0.0,0.0,0.0,0.0,3.0,5.0,6.43788e-314,24.5,0.1629387526526152,2.7846080381833844,-0.1124381561657548,3.0,0.331069,119.0,0.3723234168271805
49,49.0,49.0,49.0,49.0,49.0,49.0,35.0,130003.0,3.0,0.0189493447480477,0.01,0.001,0.00153846,0.01,0.001,0.00153846,0.004,0.0004,0.00584958,0.00292479,0.06136251,0.0,0.871615,0.072568,0.006097,0.144292,50.1,51.7833,26.5,0.2895999999999998,0.1,0.11584,0.04,-56.2301,5.1197414787456275,6.063440348793405,0.0,0.0,0.0,0.0,0.0,0.0,0.0,0.0,0.0,0.0,0.0,0.0,0.0,0.0,0.0,0.0,0.0,0.0,3.0,5.0,0.0,23.0,0.0840764170713814,1.0000627811570215,-0.2432342527365462,1.0,0.336105,1301.0,1.0859205236456748
50,50.0,50.0,50.0,50.0,50.0,50.0,111.0,61528.0,28.0,0.0108603052152303,0.01,0.001,0.00200508,0.01,0.001,0.00200508,0.004,0.0004,0.00272976,0.00136488,0.04785165,0.0,0.635799,0.020523,0.010041,0.22912,38.5898,42.7146,26.5,0.84464,0.1,0.33776,0.04,-59.3354,6.7152892774860575,8.465826131855,0.0,0.0,0.0,0.0,0.0,0.0,0.0,0.0,0.0,0.0,0.0,0.0,0.0,0.0,0.0,0.0,0.0,0.0,3.0,5.0,4.82e-321,21.0,0.3058831061882089,0.8867815666990747,0.673371669790429,3.0,0.656038,616.0,0.020218993987553
51,51.0,51.0,51.0,51.0,51.0,51.0,94.0,54745.0,45.0,0.0320197986445741,0.01,0.001,0.00074844,0.01,0.001,0.00074844,0.004,0.0004,0.00234498,0.00117249,0.03617724,0.0,0.688839,0.046144,0.007535,0.267334,26.1469,49.9286,26.5,1.0273599999999998,0.1,0.41088,0.04,-57.5881,5.333051355553228,6.42465717584318,0.0,0.0,0.0,0.0,0.0,0.0,0.0,0.0,0.0,0.0,0.0,0.0,0.0,0.0,0.0,0.0,0.0,0.0,3.0,5.0,0.0,20.5,0.1727520956676436,1.2322270814246383,0.3612935028005978,2.0,0.337206,548.0,0.0374540195345945
52,52.0,52.0,52.0,52.0,52.0,52.0,34.0,66402.0,2.0,0.0382033716302587,0.01,0.001,0.00152658,0.01,0.001,0.00152658,0.004,0.0004,0.00096426,0.00048213,0.06580398,0.0,0.697961,0.043449,0.004988,0.116859,47.9974,33.1802,26.5,0.1038399999999998,0.1,0.04144,0.04,-58.9593,8.678304121149793,10.676880154512821,0.0,0.0,0.0,0.0,0.0,0.0,0.0,0.0,0.0,0.0,0.0,0.0,0.0,0.0,0.0,0.0,0.0,0.0,3.0,5.0,0.0,24.0,0.1685231045542306,1.4327673761885136,0.2504689209474665,1.0,0.220953,665.0,0.3990539296554431
53,53.0,53.0,53.0,53.0,53.0,53.0,228.0,19026.0,26.0,0.0172894267158771,0.01,0.001,0.00343398,0.01,0.001,0.00343398,0.004,0.0004,0.00329538,0.00164769,0.03081573,0.0,0.925858,0.031392,0.009267,0.211671,43.6374,58.8045,26.5,0.1328,0.1,0.05312,0.04,-54.7709,7.539872920220422,9.475605004003967,0.0,0.0,0.0,0.0,0.0,0.0,0.0,0.0,0.0,0.0,0.0,0.0,0.0,0.0,0.0,0.0,0.0,0.0,3.0,5.0,4.11e-321,23.0,0.0728489273615316,1.43846253282372,0.0251408042820914,2.0,0.195196,191.0,0.1206325382833021
54,54.0,54.0,54.0,54.0,54.0,54.0,162.0,88869.0,69.0,0.0345178647342157,0.01,0.001,0.00263472,0.01,0.001,0.00263472,0.004,0.0004,0.00171072,0.00085536,0.04749591,0.0,0.69664,0.052407,0.011052,0.198369,49.9364,31.6461,26.5,0.27824,0.1,0.1112,0.04,-56.9479,8.599691229521888,10.600048420789438,0.0,0.0,0.0,0.0,0.0,0.0,0.0,0.0,0.0,0.0,0.0,0.0,0.0,0.0,0.0,0.0,0.0,0.0,3.0,5.0,6.47851e-314,20.5,0.2290948841361173,1.29957384052861,0.300985533977597,1.0,0.225382,889.0,0.1593850824098989
55,55.0,55.0,55.0,55.0,55.0,55.0,226.0,12688.0,88.0,0.0206127041129358,0.01,0.001,0.0042075,0.01,0.001,0.0042075,0.004,0.0004,0.00045342,0.00022671,0.03919311,0.0,0.74727,0.036093,0.009167,0.203949,33.9212,32.176,26.5,0.15552,0.1,0.06224,0.04,-56.8906,13.112510512264882,14.021943057779712,0.0,0.0,0.0,0.0,0.0,0.0,0.0,0.0,0.0,0.0,0.0,0.0,0.0,0.0,0.0,0.0,0.0,0.0,3.0,5.0,6.40764e-314,21.0,0.1156120702609139,2.05584541594504,-0.3367058527926537,1.0,0.09284,127.0,0.1747465316701866
56,56.0,56.0,56.0,56.0,56.0,56.0,179.0,8905.0,5.0,0.0313516311535606,0.01,0.001,0.0016236,0.01,0.001,0.0016236,0.004,0.0004,0.00448734,0.00224367,0.0525195,0.0,0.754488,0.042257,0.010832,0.207565,36.1099,31.8954,26.5,1.49424,0.1,0.59776,0.04,-58.1384,5.4907534785342795,6.683221253941664,0.0,0.0,0.0,0.0,0.0,0.0,0.0,0.0,0.0,0.0,0.0,0.0,0.0,0.0,0.0,0.0,0.0,0.0,3.0,5.0,0.0,22.0,0.093267744787261,1.5697864394359275,-0.2815076898925405,3.0,0.246614,90.0,0.014005852540777
57,57.0,57.0,57.0,57.0,57.0,57.0,42.0,59725.0,25.0,0.0289262874080085,0.01,0.001,0.00065142,0.01,0.001,0.00065142,0.004,0.0004,0.00195294,0.00097647,0.04424904,0.0,0.492508,0.040485,0.007895,0.16807,59.1693,39.5836,26.5,2.056,0.1,0.8223999999999998,0.04,-58.2088,5.386679465933857,6.513386561158728,0.0,0.0,0.0,0.0,0.0,0.0,0.0,0.0,0.0,0.0,0.0,0.0,0.0,0.0,0.0,0.0,0.0,0.0,3.0,5.0,4.27935e-314,23.5,0.131857188205383,1.0738652342472674,0.2709895492827482,2.0,0.506871,598.0,0.079956399481668
58,58.0,58.0,58.0,58.0,58.0,58.0,240.0,65085.0,85.0,0.0355188784251851,0.01,0.001,0.00394416,0.01,0.001,0.00394416,0.004,0.0004,0.00102828,0.00051414,0.04618845,0.0,0.469438,0.039782,0.007304,0.158764,37.1456,53.5085,26.5,0.212,0.1,0.0848,0.04,-56.4363,11.196456463355073,12.77414401267602,0.0,0.0,0.0,0.0,0.0,0.0,0.0,0.0,0.0,0.0,0.0,0.0,0.0,0.0,0.0,0.0,0.0,0.0,3.0,5.0,4.2481e-314,21.5,0.2722272051275883,1.047704028535145,0.8072356206235789,1.0,0.146926,651.0,0.0873895049172111
59,59.0,59.0,59.0,59.0,59.0,59.0,177.0,119700.0,0.0,0.0408209348748774,0.01,0.001,0.00233178,0.01,0.001,0.00233178,0.004,0.0004,0.0027687,0.00138435,0.04791171,0.0,0.737116,0.039815,0.010007,0.22361,36.4755,60.8161,26.5,1.80992,0.1,0.724,0.04,-58.2973,7.021311556002193,8.856277291924899,0.0,0.0,0.0,0.0,0.0,0.0,0.0,0.0,0.0,0.0,0.0,0.0,0.0,0.0,0.0,0.0,0.0,0.0,3.0,5.0,6.4691e-314,22.0,0.2942137465696605,1.276581441387966,1.0089290075115644,3.0,1.329068,1198.0,0.0253942215797151
60,60.0,60.0,60.0,60.0,60.0,60.0,68.0,25071.0,71.0,0.0283975666570384,0.01,0.001,0.00084744,0.01,0.001,0.00084744,0.004,0.0004,0.00402072,0.00201036,0.04000722,0.0,0.292935,0.042984,0.00681,0.248675,36.0381,50.1936,26.5,0.12176,0.1,0.04864,0.04,-59.0632,4.915654016088514,5.705335600264038,0.0,0.0,0.0,0.0,0.0,0.0,0.0,0.0,0.0,0.0,0.0,0.0,0.0,0.0,0.0,0.0,0.0,0.0,3.0,5.0,4.26177e-314,21.0,0.0843589825832732,1.4448266811142387,-0.1594567224895845,1.0,0.051963,251.0,0.2560936013768364
61,61.0,61.0,61.0,61.0,61.0,61.0,84.0,127005.0,5.0,0.0350585364874633,0.01,0.001,0.00072798,0.01,0.001,0.00072798,0.004,0.0004,0.0029535,0.00147675,0.04400484,0.0,0.186576,0.032667,0.01237,0.230148,44.0754,77.2903,26.5,0.0587199999999998,0.1,0.02352,0.04,-57.9234,5.055773279143567,5.952515926172428,0.0,0.0,0.0,0.0,0.0,0.0,0.0,0.0,0.0,0.0,0.0,0.0,0.0,0.0,0.0,0.0,0.0,0.0,3.0,5.0,0.0,22.0,0.132859906548268,1.0503925806471106,-0.0416977022472413,3.0,1.0374560000000002,1271.0,0.249125745212017
62,62.0,62.0,62.0,62.0,62.0,62.0,128.0,124878.0,78.0,0.0357468497425992,0.01,0.001,0.00091476,0.01,0.001,0.00091476,0.004,0.0004,0.00448932,0.00224466,0.05593104,0.0,0.594495,0.032391,0.009727,0.153913,46.4557,69.6188,26.5,0.22016,0.1,0.088,0.04,-58.7443,4.887875298421047,5.655647836229598,0.0,0.0,0.0,0.0,0.0,0.0,0.0,0.0,0.0,0.0,0.0,0.0,0.0,0.0,0.0,0.0,0.0,0.0,3.0,5.0,6.48168e-314,23.0,0.3094382419944905,1.555894842891368,0.6155555149094158,2.0,0.7863410000000001,1249.0,0.1363390656939436
63,63.0,63.0,63.0,63.0,63.0,63.0,69.0,126973.0,73.0,0.0315783960148502,0.01,0.001,0.00084414,0.01,0.001,0.00084414,0.004,0.0004,0.00084678,0.00042339,0.05264985,0.0,0.657084,0.008528,0.007967,0.064433,36.1952,23.9494,26.5,1.78928,0.1,0.71568,0.04,-57.9319,7.427960395329411,9.346178956029371,0.0,0.0,0.0,0.0,0.0,0.0,0.0,0.0,0.0,0.0,0.0,0.0,0.0,0.0,0.0,0.0,0.0,0.0,3.0,5.0,2.57187e-315,22.0,0.1832637278818579,1.1941834144076922,0.1240305483492059,1.0,0.462305,1270.0,0.0297515993317533
64,64.0,64.0,64.0,64.0,64.0,64.0,8.0,55864.0,64.0,0.0309146081667165,0.01,0.001,0.00054714,0.01,0.001,0.00054714,0.004,0.0004,0.00210012,0.00105006,0.04545486,0.0,0.832509,0.046036,0.010998,0.233996,50.7487,26.948,26.5,0.108,0.1,0.0432,0.04,-57.7783,5.1101925253642255,6.046958379545328,0.0,0.0,0.0,0.0,0.0,0.0,0.0,0.0,0.0,0.0,0.0,0.0,0.0,0.0,0.0,0.0,0.0,0.0,3.0,5.0,3.14384e-319,20.5,0.0922934771277733,1.5487585343183266,-0.3803883647754881,1.0,0.051684,559.0,0.0967982720735833
65,65.0,65.0,65.0,65.0,65.0,65.0,17.0,76823.0,23.0,0.0330896900328262,0.01,0.001,0.00521994,0.01,0.001,0.00521994,0.004,0.0004,0.00397452,0.00198726,0.04160574,0.0,0.5365,0.03487,0.009586,0.217772,26.194,39.7631,26.5,0.14208,0.1,0.0568,0.04,-55.4957,8.15371148304784,10.14785934185757,0.0,0.0,0.0,0.0,0.0,0.0,0.0,0.0,0.0,0.0,0.0,0.0,0.0,0.0,0.0,0.0,0.0,0.0,3.0,5.0,6.4793e-314,27.0,0.166341959871714,2.418301553479031,0.0517373814193381,2.0,0.557281,769.0,0.6829393621507238
66,66.0,66.0,66.0,66.0,66.0,66.0,182.0,51466.0,66.0,0.0298572397008839,0.01,0.001,0.00399894,0.01,0.001,0.00399894,0.004,0.0004,0.0024816,0.0012408,0.05445957,0.0,0.863668,0.049011,0.008798,0.202113,48.9688,52.1565,26.5,0.1608,0.1,0.06432,0.04,-57.2845,8.728976006375385,10.725968006146239,0.0,0.0,0.0,0.0,0.0,0.0,0.0,0.0,0.0,0.0,0.0,0.0,0.0,0.0,0.0,0.0,0.0,0.0,3.0,5.0,6.40255e-314,30.0,0.0786710821495792,2.1707974960901777,-0.1681167742506623,3.0,0.454384,515.0,0.3487925683416887
67,67.0,67.0,67.0,67.0,67.0,67.0,148.0,13576.0,76.0,0.027797591229712,0.01,0.001,0.00071214,0.01,0.001,0.00071214,0.004,0.0004,0.00434016,0.00217008,0.04102131,0.0,0.515469,0.036178,0.0089,0.23355,33.9776,25.521,26.5,1.38576,0.1,0.55424,0.04,-55.2716,4.728706785433401,5.366623173073267,0.0,0.0,0.0,0.0,0.0,0.0,0.0,0.0,0.0,0.0,0.0,0.0,0.0,0.0,0.0,0.0,0.0,0.0,3.0,5.0,6.46793e-314,26.5,0.1225007221305094,2.6357901752432635,-0.2591683894158264,1.0,0.077251,136.0,0.3879894685804288
68,68.0,68.0,68.0,68.0,68.0,68.0,109.0,10311.0,11.0,0.0243103940533547,0.01,0.001,0.00565158,0.01,0.001,0.00565158,0.004,0.0004,0.00102696,0.00051348,0.03947262,0.0,0.828475,0.032487,0.006625,0.214025,40.3795,47.6198,26.5,1.69456,0.1,0.67776,0.04,-59.2775,12.08365643201872,13.381476672450377,0.0,0.0,0.0,0.0,0.0,0.0,0.0,0.0,0.0,0.0,0.0,0.0,0.0,0.0,0.0,0.0,0.0,0.0,3.0,5.0,4.24399e-314,26.5,0.0997858523544003,2.328027200351505,-0.3898264029816032,2.0,0.155561,104.0,0.0380181168833344
69,69.0,69.0,69.0,69.0,69.0,69.0,157.0,61711.0,11.0,0.0317703010401158,0.01,0.001,0.00449724,0.01,0.001,0.00449724,0.004,0.0004,0.00264,0.00132,0.02469918,0.0,0.45652,0.039964,0.000834,0.256725,46.8629,32.5446,26.5,2.14224,0.1,0.8569599999999998,0.04,-57.2308,8.888836127742382,10.878642036095393,0.0,0.0,0.0,0.0,0.0,0.0,0.0,0.0,0.0,0.0,0.0,0.0,0.0,0.0,0.0,0.0,0.0,0.0,3.0,5.0,4.26057e-314,26.5,0.246789039136645,1.428812675165071,0.8387447792708133,2.0,0.550327,618.0,0.1151274858093365
70,70.0,70.0,70.0,70.0,70.0,70.0,211.0,61711.0,11.0,0.043293349083362,0.01,0.001,0.00414414,0.01,0.001,0.00414414,0.004,0.0004,0.00115302,0.00057651,0.02469918,0.0,0.45652,0.039964,0.000834,0.256725,46.8629,32.5446,26.5,2.14224,0.1,0.8569599999999998,0.04,-57.2308,11.02344851135848,12.648964706408709,0.0,0.0,0.0,0.0,0.0,0.0,0.0,0.0,0.0,0.0,0.0,0.0,0.0,0.0,0.0,0.0,0.0,0.0,3.0,5.0,4.26057e-314,26.5,0.246789039136645,1.428812675165071,0.8387447792708133,2.0,0.550327,618.0,0.0844701495898532
71,71.0,71.0,71.0,71.0,71.0,71.0,10.0,54488.0,88.0,0.0350070959903744,0.01,0.001,0.00345378,0.01,0.001,0.00345378,0.004,0.0004,0.00086592,0.00043296,0.03395106,0.0,0.743812,0.031797,0.007895,0.229657,53.4148,53.5411,26.5,0.18304,0.1,0.07328,0.04,-56.444,11.298674783294729,12.847016622651285,0.0,0.0,0.0,0.0,0.0,0.0,0.0,0.0,0.0,0.0,0.0,0.0,0.0,0.0,0.0,0.0,0.0,0.0,3.0,5.0,6.40835e-314,27.0,0.1835760483631612,2.6337356897109894,0.5147396170779089,3.0,0.441096,545.0,0.0852800935050192
72,72.0,72.0,72.0,72.0,72.0,72.0,22.0,80283.0,83.0,0.0399392974624395,0.01,0.001,0.00148434,0.01,0.001,0.00148434,0.004,0.0004,0.0005709,0.00028545,0.04754739,0.0,0.662309,0.036186,0.005064,0.17455,37.8154,40.3374,26.5,0.16496,0.1,0.06608,0.04,-58.2338,10.118458367132561,11.953337116607262,0.0,0.0,0.0,0.0,0.0,0.0,0.0,0.0,0.0,0.0,0.0,0.0,0.0,0.0,0.0,0.0,0.0,0.0,3.0,5.0,6.44384e-314,28.0,0.0727760269338087,2.9466447277979606,-0.2694938245544296,1.0,0.227216,803.0,0.1386204652642644
73,73.0,73.0,73.0,73.0,73.0,73.0,138.0,96115.0,15.0,0.0260006443403118,0.01,0.001,0.00191136,0.01,0.001,0.00191136,0.004,0.0004,0.00201696,0.00100848,0.03988578,0.0,0.518935,0.036423,0.006025,0.21723,37.2291,45.6106,26.5,2.10736,0.1,0.84288,0.04,-56.7504,7.302547245904843,9.198437710208761,0.0,0.0,0.0,0.0,0.0,0.0,0.0,0.0,0.0,0.0,0.0,0.0,0.0,0.0,0.0,0.0,0.0,0.0,3.0,5.0,0.0,31.5,0.2931477509335349,1.7655691548594232,1.0163686986550062,2.0,0.655368,962.0,0.4213341007946707
74,74.0,74.0,74.0,74.0,74.0,74.0,249.0,8791.0,91.0,0.022390449346122,0.01,0.001,0.00324324,0.01,0.001,0.00324324,0.004,0.0004,0.00797478,0.00398739,0.03837174,0.0,0.818118,0.034941,0.005877,0.214867,46.6266,56.8974,26.5,1.5664,0.1,0.62656,0.04,-58.1447,5.65265547573285,6.941324117171529,0.0,0.0,0.0,0.0,0.0,0.0,0.0,0.0,0.0,0.0,0.0,0.0,0.0,0.0,0.0,0.0,0.0,0.0,3.0,5.0,4.26367e-314,31.0,0.0952678970825941,2.2702566009648293,-0.3599925656607902,1.0,0.082555,88.0,0.5355910607726166
75,75.0,75.0,75.0,75.0,75.0,75.0,47.0,17076.0,76.0,0.0370462824371307,0.01,0.001,0.00316008,0.01,0.001,0.00316008,0.004,0.0004,0.0033495,0.00167475,0.0366729,0.0,0.759878,0.02339,0.009194,0.199295,49.0899,55.7066,26.5,0.18512,0.1,0.07408,0.04,-54.2456,7.291690790062303,9.18551124159989,0.0,0.0,0.0,0.0,0.0,0.0,0.0,0.0,0.0,0.0,0.0,0.0,0.0,0.0,0.0,0.0,0.0,0.0,3.0,5.0,6.47367e-314,30.5,0.107238376002209,1.4407157901536876,0.0215694124514613,2.0,0.20305,171.0,0.0078918643938788
76,76.0,76.0,76.0,76.0,76.0,76.0,169.0,60348.0,48.0,0.0386522305391204,0.01,0.001,0.00127644,0.01,0.001,0.00127644,0.004,0.0004,0.00049236,0.00024618,0.02802723,0.0,0.753648,0.014166,0.001688,0.22017,47.2069,51.6709,26.5,2.27488,0.1,0.90992,0.04,-57.6811,10.110131567742172,11.946593979666428,0.0,0.0,0.0,0.0,0.0,0.0,0.0,0.0,0.0,0.0,0.0,0.0,0.0,0.0,0.0,0.0,0.0,0.0,3.0,5.0,2.3312400000000002e-219,32.5,0.2735698951612403,1.748353529156737,0.6650191494630019,2.0,0.515208,604.0,0.168987641957839
77,77.0,77.0,77.0,77.0,77.0,77.0,132.0,119289.0,89.0,0.0401956817756292,0.01,0.001,0.00064878,0.01,0.001,0.00064878,0.004,0.0004,0.00110484,0.00055242,0.04508988,0.0,0.502742,0.049588,0.006761,0.275949,26.7491,63.6767,26.5,0.24064,0.1,0.09632,0.04,-55.8405,6.263265546974474,7.851322599491618,0.0,0.0,0.0,0.0,0.0,0.0,0.0,0.0,0.0,0.0,0.0,0.0,0.0,0.0,0.0,0.0,0.0,0.0,3.0,5.0,6.44485e-314,32.5,0.2045055192106342,2.689369749618939,0.5370644930032489,2.0,0.555882,1193.0,0.2528287999129441
78,78.0,78.0,78.0,78.0,78.0,78.0,158.0,9189.0,89.0,0.0194668154024674,0.01,0.001,0.00443982,0.01,0.001,0.00443982,0.004,0.0004,0.00278916,0.00139458,0.03964587,0.0,1.16433,0.024393,0.007597,0.213285,27.5197,63.0301,26.5,1.29328,0.1,0.51728,0.04,-58.9148,8.693887924395181,10.692012912692284,0.0,0.0,0.0,0.0,0.0,0.0,0.0,0.0,0.0,0.0,0.0,0.0,0.0,0.0,0.0,0.0,0.0,0.0,3.0,5.0,6.41057e-314,31.5,0.0651286277666253,2.2394668665972626,-0.3359121239067497,1.0,0.093176,92.0,0.7848984599183965
79,79.0,79.0,79.0,79.0,79.0,79.0,133.0,16929.0,29.0,0.0241743456006384,0.01,0.001,0.0032637,0.01,0.001,0.0032637,0.004,0.0004,0.00031944,0.00015972,0.04950726,0.0,0.826401,0.048194,0.005129,0.206697,42.8819,25.4254,26.5,1.93136,0.1,0.7724799999999998,0.04,-58.1414,13.26809143706775,14.113520846955703,0.0,0.0,0.0,0.0,0.0,0.0,0.0,0.0,0.0,0.0,0.0,0.0,0.0,0.0,0.0,0.0,0.0,0.0,3.0,5.0,6.43667e-314,32.0,0.1451101826034929,2.027685076413781,0.1666253883008864,1.0,0.09208,170.0,0.6370641599813553
80,80.0,80.0,80.0,80.0,80.0,80.0,207.0,128975.0,75.0,0.0220362413210241,0.01,0.001,0.002244,0.01,0.001,0.002244,0.004,0.0004,0.0012441,0.00062205,0.06210303,0.0,0.336454,0.027608,0.012766,0.275473,26.7407,65.8028,26.5,2.23904,0.1,0.8956799999999998,0.04,-58.8547,9.05437851313498,11.033341821185257,0.0,0.0,0.0,0.0,0.0,0.0,0.0,0.0,0.0,0.0,0.0,0.0,0.0,0.0,0.0,0.0,0.0,0.0,3.0,5.0,6.47386e-314,33.5,0.1807972487384197,2.1794781308473308,0.1675019447442703,2.0,0.750017,1290.0,0.0340569063502249
81,81.0,81.0,81.0,81.0,81.0,81.0,205.0,121032.0,32.0,0.0263127191100732,0.01,0.001,0.00129624,0.01,0.001,0.00129624,0.004,0.0004,0.00139128,0.00069564,0.03963234,0.0,1.22646,0.020249,0.008393,0.208448,45.699,57.0971,26.5,0.0819199999999998,0.1,0.0327999999999998,0.04,-58.6167,7.261118725746371,9.148990846256204,0.0,0.0,0.0,0.0,0.0,0.0,0.0,0.0,0.0,0.0,0.0,0.0,0.0,0.0,0.0,0.0,0.0,0.0,3.0,5.0,4.11e-321,30.5,0.2213258826437467,2.609907186267648,0.2769782658408919,3.0,1.128434,1211.0,0.2325026466536214
82,82.0,82.0,82.0,82.0,82.0,82.0,31.0,28330.0,30.0,0.0164779099462397,0.01,0.001,0.00075702,0.01,0.001,0.00075702,0.004,0.0004,0.00122958,0.00061479,0.04376031,0.0,0.48462,0.031715,0.003074,0.170631,39.488,68.2982,26.5,1.22272,0.1,0.48912,0.04,-59.253,6.3537206012436025,7.978100842546503,0.0,0.0,0.0,0.0,0.0,0.0,0.0,0.0,0.0,0.0,0.0,0.0,0.0,0.0,0.0,0.0,0.0,0.0,3.0,5.0,6.40968e-314,33.0,0.0616010553511904,1.7216693344710612,0.0311283107398128,3.0,0.371271,284.0,0.3241318187960151
83,83.0,83.0,83.0,83.0,83.0,83.0,149.0,133206.0,6.0,0.0326477969720118,0.01,0.001,0.00430122,0.01,0.001,0.00430122,0.004,0.0004,0.00394614,0.00197307,0.0564927,0.0,0.704211,0.056426,0.008271,0.288516,35.3123,75.6581,26.5,0.10048,0.1,0.0401599999999998,0.04,-56.7642,7.655398255568645,9.606894916211338,0.0,0.0,0.0,0.0,0.0,0.0,0.0,0.0,0.0,0.0,0.0,0.0,0.0,0.0,0.0,0.0,0.0,0.0,3.0,5.0,0.0,40.0,0.2374688525035017,2.52987380277632,0.693476550010381,2.0,0.934455,1333.0,1.005138645527311
84,84.0,84.0,84.0,84.0,84.0,84.0,21.0,25443.0,43.0,0.0380013705616851,0.01,0.001,0.0043956,0.01,0.001,0.0043956,0.004,0.0004,0.00086724,0.00043362,0.07437276,0.0,0.442529,0.02834,0.00633,0.091962,48.5021,66.1755,26.5,0.06416,0.1,0.0256,0.04,-55.4764,11.893282879686682,13.255773302897214,0.0,0.0,0.0,0.0,0.0,0.0,0.0,0.0,0.0,0.0,0.0,0.0,0.0,0.0,0.0,0.0,0.0,0.0,3.0,5.0,0.0,38.5,0.083824713697274,1.83541645798687,0.2693474609161878,1.0,0.094269,255.0,0.1099918947720538
85,85.0,85.0,85.0,85.0,85.0,85.0,0.0,19732.0,32.0,0.0287237375865457,0.01,0.001,0.00249282,0.01,0.001,0.00249282,0.004,0.0004,0.00304062,0.00152031,0.05228817,0.0,0.723412,0.026271,0.007702,0.233534,49.2477,71.356,26.5,1.5436800000000002,0.1,0.61744,0.04,-58.0718,6.959388607065568,8.77884048938763,0.0,0.0,0.0,0.0,0.0,0.0,0.0,0.0,0.0,0.0,0.0,0.0,0.0,0.0,0.0,0.0,0.0,0.0,3.0,5.0,4.11e-321,39.5,0.0766715227168098,3.644332199135401,-0.2227973154527783,1.0,0.08431,198.0,0.5343612712707303
86,86.0,86.0,86.0,86.0,86.0,86.0,200.0,26767.0,67.0,0.042181425425854,0.01,0.001,0.00229482,0.01,0.001,0.00229482,0.004,0.0004,0.00071148,0.00035574,0.03432495,0.0,0.847852,0.040629,0.002895,0.261319,42.7496,32.2132,26.5,2.41312,0.1,0.96528,0.04,-58.3625,10.728152203077961,12.429755458069934,0.0,0.0,0.0,0.0,0.0,0.0,0.0,0.0,0.0,0.0,0.0,0.0,0.0,0.0,0.0,0.0,0.0,0.0,3.0,5.0,4.26709e-314,37.5,0.1155528889920875,2.1265037623855583,0.0232224620965044,1.0,0.089641,268.0,0.0998714184761933
87,87.0,87.0,87.0,87.0,87.0,87.0,38.0,56721.0,21.0,0.0217956043777955,0.01,0.001,0.0048873,0.01,0.001,0.0048873,0.004,0.0004,0.00084414,0.00042207,0.04012371,0.0,1.11313,0.034328,0.004248,0.261319,41.9075,43.1078,26.5,1.2670400000000002,0.1,0.50688,0.04,-57.0352,12.197311533101171,13.455393104568921,0.0,0.0,0.0,0.0,0.0,0.0,0.0,0.0,0.0,0.0,0.0,0.0,0.0,0.0,0.0,0.0,0.0,0.0,3.0,5.0,4.28122e-314,43.0,0.2467094223085079,3.942128612041759,0.3233810937975055,1.0,0.192496,568.0,0.6944170819787014
88,88.0,88.0,88.0,88.0,88.0,88.0,213.0,95852.0,52.0,0.0400165232557988,0.01,0.001,0.0037356,0.01,0.001,0.0037356,0.004,0.0004,0.0004686,0.0002343,0.0487905,0.0,1.42988,0.011452,0.003936,0.176148,60.2873,48.6699,26.5,0.06672,0.1,0.02672,0.04,-57.8802,12.845791403124611,13.861865204957308,0.0,0.0,0.0,0.0,0.0,0.0,0.0,0.0,0.0,0.0,0.0,0.0,0.0,0.0,0.0,0.0,0.0,0.0,3.0,5.0,6.4145e-314,40.5,0.2238928835907213,3.292203562395338,0.6560812727279477,2.0,0.491775,959.0,0.8738708289591678
89,89.0,89.0,89.0,89.0,89.0,89.0,32.0,118040.0,40.0,0.0243144692808849,0.01,0.001,0.00393426,0.01,0.001,0.00393426,0.004,0.0004,0.00066726,0.00033363,0.0409464,0.0,0.385039,0.01836,0.002122,0.261265,54.5383,61.9532,26.5,0.15248,0.1,0.06096,0.04,-58.0207,12.237414817142163,13.481277110771744,0.0,0.0,0.0,0.0,0.0,0.0,0.0,0.0,0.0,0.0,0.0,0.0,0.0,0.0,0.0,0.0,0.0,0.0,3.0,5.0,6.44043e-314,41.5,0.1824617230482969,3.010667342300574,0.3768542096945579,1.0,0.456195,1181.0,1.2794491236200032
90,90.0,90.0,90.0,90.0,90.0,90.0,101.0,93340.0,40.0,0.0277035288190982,0.01,0.001,0.00291324,0.01,0.001,0.00291324,0.004,0.0004,0.00541992,0.00270996,0.04357848,0.0,1.10826,0.050502,0.006803,0.249866,43.1129,56.1937,26.5,1.2670400000000002,0.1,0.50672,0.04,-54.3405,6.101535328123808,7.619658187426358,0.0,0.0,0.0,0.0,0.0,0.0,0.0,0.0,0.0,0.0,0.0,0.0,0.0,0.0,0.0,0.0,0.0,0.0,3.0,5.0,6.47465e-314,42.0,0.1244186243464976,2.289007232621262,0.0939736054834549,1.0,0.259688,934.0,0.7623487992561278
91,91.0,91.0,91.0,91.0,91.0,91.0,175.0,118040.0,40.0,0.0385835081244549,0.01,0.001,0.0015430799999999,0.01,0.001,0.0015430799999999,0.004,0.0004,0.00389664,0.00194832,0.0409464,0.0,0.385039,0.01836,0.002122,0.261265,54.5383,61.9532,26.5,0.15248,0.1,0.06096,0.04,-58.0207,5.614474464637682,6.881117575210573,0.0,0.0,0.0,0.0,0.0,0.0,0.0,0.0,0.0,0.0,0.0,0.0,0.0,0.0,0.0,0.0,0.0,0.0,3.0,5.0,6.44043e-314,41.5,0.1824617230482969,3.010667342300574,0.3768542096945579,1.0,0.456195,1181.0,0.8904517805949197
92,92.0,92.0,92.0,92.0,92.0,92.0,51.0,84443.0,43.0,0.0285653361693686,0.01,0.001,0.00412962,0.01,0.001,0.00412962,0.004,0.0004,0.0019437,0.00097185,0.04827471,0.0,0.948789,0.036398,0.005208,0.241011,34.7926,57.9092,26.5,0.15936,0.1,0.06368,0.04,-57.7058,9.531814284856065,11.46128858898125,0.0,0.0,0.0,0.0,0.0,0.0,0.0,0.0,0.0,0.0,0.0,0.0,0.0,0.0,0.0,0.0,0.0,0.0,3.0,5.0,0.0,41.0,0.1565516012927089,3.249761223070533,-0.1124867599532217,1.0,0.322937,845.0,0.2393839104525806
93,93.0,93.0,93.0,93.0,93.0,93.0,232.0,53001.0,1.0,0.0138921718578032,0.01,0.001,0.00421278,0.01,0.001,0.00421278,0.004,0.0004,0.00050226,0.00025113,0.06103977,0.0,0.841696,0.035067,0.002342,0.202685,53.4131,73.3929,26.5,0.0595199999999998,0.1,0.02384,0.04,-55.3116,12.938003877341247,13.917657280326388,0.0,0.0,0.0,0.0,0.0,0.0,0.0,0.0,0.0,0.0,0.0,0.0,0.0,0.0,0.0,0.0,0.0,0.0,3.0,5.0,0.0,45.5,0.1150086247817101,3.779844018254624,0.0769729108986926,1.0,0.111707,531.0,1.6499267018700488
94,94.0,94.0,94.0,94.0,94.0,94.0,5.0,100291.0,91.0,0.026926787492373,0.01,0.001,0.00201102,0.01,0.001,0.00201102,0.004,0.0004,0.00245058,0.00122529,0.04753419,0.0,1.42604,0.046807,0.00492,0.360487,48.4372,19.2787,26.5,0.26096,0.1,0.10448,0.04,-55.1491,6.961593512771183,8.781611192379337,0.0,0.0,0.0,0.0,0.0,0.0,0.0,0.0,0.0,0.0,0.0,0.0,0.0,0.0,0.0,0.0,0.0,0.0,3.0,5.0,4.24996e-314,46.0,0.457842148482018,4.344182195413319,2.074611809429565,2.0,0.563183,1003.0,7.621146652271758
95,95.0,95.0,95.0,95.0,95.0,95.0,238.0,26520.0,20.0,0.0358098358034482,0.01,0.001,0.0005907,0.01,0.001,0.0005907,0.004,0.0004,0.00213378,0.00106689,0.04554792,0.0,0.636181,0.024759,0.003806,0.300513,47.771,32.9172,26.5,1.57904,0.1,0.63168,0.04,-58.2612,5.172857997586412,6.154632912526045,0.0,0.0,0.0,0.0,0.0,0.0,0.0,0.0,0.0,0.0,0.0,0.0,0.0,0.0,0.0,0.0,0.0,0.0,3.0,5.0,6.47098e-314,53.5,0.0689942432579516,3.18614377365514,-0.113292180104619,1.0,0.053291,266.0,10.302219548349134
96,96.0,96.0,96.0,96.0,96.0,96.0,243.0,62649.0,49.0,0.0322959209921034,0.01,0.001,0.00229482,0.01,0.001,0.00229482,0.004,0.0004,0.00071148,0.00035574,0.0619476,0.0,0.790499,0.027088,0.009039,0.237393,60.3368,63.8473,26.5,0.27376,0.1,0.10944,0.04,-55.3432,10.728152203077961,12.429755458069934,0.0,0.0,0.0,0.0,0.0,0.0,0.0,0.0,0.0,0.0,0.0,0.0,0.0,0.0,0.0,0.0,0.0,0.0,3.0,5.0,6.41506e-314,51.0,0.0962337273531502,3.3291393346230715,-0.0690350466010926,3.0,0.55748,627.0,0.7522040556258769
97,97.0,97.0,97.0,97.0,97.0,97.0,80.0,27748.0,48.0,0.0363674743145555,0.01,0.001,0.00372834,0.01,0.001,0.00372834,0.004,0.0004,0.0015213,0.00076065,0.04558554,0.0,0.75301,0.028231,0.000247,0.326825,39.5661,42.7387,26.5,1.07424,0.1,0.42976,0.04,-56.85,9.947666311325078,11.813680872544298,0.0,0.0,0.0,0.0,0.0,0.0,0.0,0.0,0.0,0.0,0.0,0.0,0.0,0.0,0.0,0.0,0.0,0.0,3.0,5.0,-1.7897600000000002e+53,59.5,0.1538792547065364,3.8514700819605134,0.6364131201471231,2.0,0.230728,278.0,16.05305261538638
98,98.0,98.0,98.0,98.0,98.0,98.0,248.0,64086.0,86.0,0.0411327292548689,0.01,0.001,0.00061644,0.01,0.001,0.00061644,0.004,0.0004,0.00183546,0.00091773,0.06040782,0.0,1.02961,0.000688,0.009043,0.179669,52.8971,50.3408,26.5,0.11824,0.1,0.04736,0.04,-58.8162,5.3951803785841905,6.527375378230542,0.0,0.0,0.0,0.0,0.0,0.0,0.0,0.0,0.0,0.0,0.0,0.0,0.0,0.0,0.0,0.0,0.0,0.0,3.0,5.0,6.47175e-314,46.0,0.2003419987265776,3.595305348055469,0.538009903654009,2.0,0.379016,641.0,0.1564169288636622
99,99.0,99.0,99.0,99.0,99.0,99.0,152.0,98897.0,97.0,0.0246621456299524,0.01,0.001,0.0013794,0.01,0.001,0.0013794,0.004,0.0004,0.00507342,0.00253671,0.03798993,0.0,0.282753,0.036331,0.014238,0.23287,37.2503,67.3875,26.5,0.0984,0.1,0.03936,0.04,-59.4996,5.153908820105663,6.122195310136543,0.0,0.0,0.0,0.0,0.0,0.0,0.0,0.0,0.0,0.0,0.0,0.0,0.0,0.0,0.0,0.0,0.0,0.0,3.0,5.0,4.26732e-314,13.0,0.178275331627504,0.4441229733672129,0.2186427604533575,1.0,0.182454,989.0,0.089942439312488
